0.000000000000000000e+00
0.000000000000000000e+00
3.168964982032775879e-01
-7.042847871780395508e-01
0.000000000000000000e+00
7.489332556724548340e-02
0.000000000000000000e+00
2.398693561553955078e-01
2.656092345714569092e-01
-1.103298272937536240e-03
-1.353663299232721329e-02
0.000000000000000000e+00
3.723745048046112061e-01
1.992242038249969482e-01
5.436787009239196777e-01
-7.449230551719665527e-01
0.000000000000000000e+00
-3.310786187648773193e-01
0.000000000000000000e+00
0.000000000000000000e+00
