-6.248320341110229492e-01
-3.957790732383728027e-01
1.121706366539001465e-01
0.000000000000000000e+00
2.912254333496093750e-01
3.841449320316314697e-01
3.543359339237213135e-01
-4.384053647518157959e-01
1.171498298645019531e+00
5.817211046814918518e-02
2.563201449811458588e-02
4.187316894531250000e-01
-1.007881522178649902e+00
2.184764295816421509e-01
-1.173343211412429810e-01
-1.585227996110916138e-01
-8.838765025138854980e-01
9.445037245750427246e-01
-1.095155160874128342e-02
3.317655026912689209e-01
-2.316537201404571533e-01
0.000000000000000000e+00
0.000000000000000000e+00
0.000000000000000000e+00
-4.522811174392700195e-01
-2.646174430847167969e-01
-3.686136603355407715e-01
-1.030140090733766556e-02
0.000000000000000000e+00
1.067080736160278320e+00
