-3.213439136743545532e-02
-2.547025121748447418e-02
2.618970870971679688e-01
-2.590467035770416260e-01
0.000000000000000000e+00
2.049296796321868896e-01
-2.084510326385498047e-01
0.000000000000000000e+00
-2.124282568693161011e-01
-6.675994396209716797e-01
2.011710554361343384e-01
-1.845018714666366577e-01
2.001810520887374878e-01
-1.744695454835891724e-01
1.975745111703872681e-01
2.422308623790740967e-01
-2.074683904647827148e-01
-5.095307826995849609e-01
2.534811496734619141e-01
2.689480781555175781e-01
-3.426401317119598389e-01
0.000000000000000000e+00
0.000000000000000000e+00
2.574922144412994385e-01
2.017820179462432861e-01
7.497931271791458130e-02
-1.258944272994995117e-01
2.061090469360351562e-01
0.000000000000000000e+00
2.050860226154327393e-01
-2.074549794197082520e-01
-3.176559926941990852e-03
0.000000000000000000e+00
2.046064734458923340e-01
0.000000000000000000e+00
2.812623977661132812e-01
0.000000000000000000e+00
-1.163359284400939941e-01
5.847891569137573242e-01
3.416802883148193359e-01
