-1.641137897968292236e-01 -9.981811046600341797e-01 -2.354916781187057495e-01 1.110331296920776367e+00 2.512954235076904297e+00 9.232298731803894043e-01 -2.053899049758911133e+00 -3.052017450332641602e+00
1.196215987205505371e+00 -2.460693120956420898e-01 4.371052980422973633e-02 -6.145446300506591797e-01 -9.997881054878234863e-01 5.863221287727355957e-01 1.654874205589294434e+00 6.857710480690002441e-01
7.327842116355895996e-01 -1.423065900802612305e+00 -6.761090755462646484e-01 1.558752894401550293e+00 5.577848553657531738e-01 -3.577209711074829102e-01 -8.890894651412963867e-01 6.757299304008483887e-01
1.957430481910705566e+00 1.345894694328308105e+00 3.397871553897857666e-01 -1.973465383052825928e-01 -1.254199862480163574e+00 4.627826213836669922e-01 1.799653887748718262e+00 -8.341541141271591187e-02
4.108124375343322754e-01 -1.084792852401733398e+00 4.645039439201354980e-01 9.649553894996643066e-01 -1.059162497520446777e+00 1.220202326774597168e+00 -6.564494967460632324e-01 4.403827786445617676e-01
-3.484472930431365967e-01 -1.200019344687461853e-01 7.438295483589172363e-01 3.638216555118560791e-01 3.186433017253875732e-02 1.511603593826293945e-01 -3.591059446334838867e-01 -3.027639985084533691e-01
-7.640134692192077637e-01 1.115522980690002441e+00 -1.082591414451599121e+00 -5.423317551612854004e-01 -8.080397844314575195e-01 1.262468814849853516e+00 -1.398891448974609375e+00 2.876069545745849609e-01
-1.054626345634460449e+00 -3.392032384872436523e-01 4.839751422405242920e-01 1.176626086235046387e-01 -7.672964334487915039e-01 -7.320880293846130371e-01 3.682513535022735596e-02 -1.372558474540710449e+00
1.124157667160034180e+00 1.001227796077728271e-01 -1.542612552642822266e+00 1.009038448333740234e+00 -8.608950972557067871e-01 5.575739145278930664e-01 8.988961577415466309e-01 6.758655309677124023e-01
7.443248033523559570e-01 -9.238628149032592773e-01 -2.930948138236999512e-01 -5.267730236053466797e+00 -4.532075881958007812e+00 -7.108380198478698730e-01 6.821452140808105469e+00 4.981055736541748047e+00
3.393220305442810059e-01 2.243072688579559326e-01 -1.125315204262733459e-01 4.847446978092193604e-01 3.676211535930633545e-01 9.620984643697738647e-02 1.215671300888061523e+00 4.073397815227508545e-01
4.038730561733245850e-01 -9.998760223388671875e-01 5.501500368118286133e-01 -4.082767665386199951e-01 1.296494364738464355e+00 -3.865344822406768799e-01 -3.639664649963378906e-01 1.595634818077087402e+00
-1.649942398071289062e+00 -1.476974964141845703e+00 1.284669399261474609e+00 1.013176321983337402e+00 3.663221299648284912e-01 6.764188408851623535e-01 8.561710119247436523e-01 8.205943703651428223e-01
2.014161050319671631e-01 7.559429407119750977e-01 -1.152602553367614746e+00 -1.096299290657043457e+00 -1.192379593849182129e+00 -6.297848224639892578e-01 1.784497261047363281e+00 -9.701008200645446777e-01
-5.286272168159484863e-01 -1.507515549659729004e+00 4.454145133495330811e-01 2.795717716217041016e-01 -3.515974283218383789e-01 6.478032469749450684e-01 2.035649299621582031e+00 -6.258240342140197754e-01
-2.709052264690399170e-01 -9.580276012420654297e-01 -3.225592374801635742e-01 9.435101747512817383e-01 2.980753593146800995e-02 -8.604742288589477539e-01 1.160176157951354980e+00 7.538255453109741211e-01
-7.430582642555236816e-01 -5.271701216697692871e-01 -1.084608674049377441e+00 -1.581243872642517090e+00 3.364607393741607666e-01 -2.765768766403198242e-01 9.754727482795715332e-01 1.013825774192810059e+00
-1.009983792901039124e-01 -6.931460499763488770e-01 1.245847105979919434e+00 7.549324512481689453e+00 6.327712059020996094e+00 2.076101064682006836e+00 -6.543219089508056641e+00 -5.128805160522460938e+00
-1.835821270942687988e-01 3.860349953174591064e-01 -1.013160228729248047e+00 1.234025597572326660e+00 9.136231541633605957e-01 -1.052929520606994629e+00 5.421726107597351074e-01 1.298236012458801270e+00
-1.812014460563659668e+00 -1.853845119476318359e-01 -6.657332777976989746e-01 1.660022854804992676e+00 1.307415962219238281e+00 -7.645514011383056641e-01 -6.086718440055847168e-01 8.545650839805603027e-01
5.555214285850524902e-01 -9.273678064346313477e-01 1.316380381584167480e+00 1.734512329101562500e+01 1.573921298980712891e+01 4.511697962880134583e-02 -1.722051811218261719e+01 -1.537025928497314453e+01
1.542461991310119629e+00 -2.949765622615814209e-01 2.734893560409545898e-01 2.066946983337402344e+00 2.619122862815856934e-01 -5.565118789672851562e-01 -8.918683528900146484e-01 -2.900139242410659790e-02
-1.145052433013916016e+00 2.291148900985717773e-01 5.631819963455200195e-01 -7.328273057937622070e-01 9.449343681335449219e-01 1.517044603824615479e-01 -6.089231967926025391e-01 -1.860628128051757812e-01
-5.605659484863281250e-01 7.489066123962402344e-01 -3.282122611999511719e-01 3.444715142250061035e-01 3.961738944053649902e-01 -2.502190470695495605e-01 5.723805427551269531e-01 4.599968791007995605e-01
2.578245103359222412e-01 -1.585127592086791992e+00 -1.376207917928695679e-01 1.747568370774388313e-03 1.440392136573791504e-01 1.624614000320434570e+00 -7.439374327659606934e-01 -4.967395365238189697e-01
-2.570839822292327881e-01 1.538832187652587891e+00 4.897366836667060852e-02 4.649238884449005127e-01 -7.271080613136291504e-01 -4.425857067108154297e-01 1.179348453879356384e-01 1.383231580257415771e-01
3.172878324985504150e-01 8.802031278610229492e-01 5.207691192626953125e-01 -1.380190610885620117e+00 -1.904159665107727051e+00 -1.990320324897766113e+00 2.091259956359863281e+00 4.094160795211791992e-01
8.399836421012878418e-01 -4.995777308940887451e-01 6.941714286804199219e-01 1.768152952194213867e+00 -1.410891413688659668e-01 2.025661766529083252e-01 -4.068228881806135178e-03 -1.431004405021667480e-01
1.183763504028320312e+00 -8.555340170860290527e-01 4.406968504190444946e-02 -1.142058968544006348e+00 -1.345314085483551025e-01 8.139079213142395020e-01 -4.856766015291213989e-02 -6.690730452537536621e-01
-9.446647167205810547e-01 1.105818748474121094e+00 -2.897444665431976318e-01 1.179239034652709961e+00 1.020914793014526367e+00 1.875593543052673340e+00 8.907800912857055664e-01 -1.219419121742248535e+00
-2.979524433612823486e-03 3.586017489433288574e-01 -1.211159706115722656e+00 -9.070026278495788574e-01 -1.022549748420715332e+00 -3.825654387474060059e-01 2.128238201141357422e+00 1.047376990318298340e+00
2.084358632564544678e-01 -5.577687025070190430e-01 -3.776781857013702393e-01 1.447078466415405273e+00 1.032889246940612793e+00 3.210784196853637695e-01 1.425050348043441772e-01 4.217529296875000000e-01
-1.281764030456542969e+00 1.514647603034973145e+00 -1.523392558097839355e+00 -6.029545068740844727e-01 -8.489054441452026367e-01 8.640438318252563477e-01 -1.713611602783203125e+00 8.748367428779602051e-01
8.668844699859619141e-01 -2.669441401958465576e-01 1.737009525299072266e+00 7.805867791175842285e-01 2.760315239429473877e-01 -3.036377578973770142e-02 -2.847667932510375977e-01 1.416365653276443481e-01
-1.247997045516967773e+00 3.258489668369293213e-01 -1.121083274483680725e-01 1.289995789527893066e+00 7.944344878196716309e-01 1.729532480239868164e-01 3.749240636825561523e-01 -2.913956344127655029e-01
7.046294212341308594e-02 1.074891686439514160e+00 8.309541940689086914e-01 9.012595415115356445e-01 1.580891609191894531e+00 -2.779703354462981224e-03 -1.783773070201277733e-03 2.633267343044281006e-01
1.255022764205932617e+00 2.734779715538024902e-01 -1.450216293334960938e+00 -1.168930605053901672e-01 5.304012298583984375e-01 3.948689624667167664e-02 -4.388350993394851685e-02 6.874303817749023438e-01
7.765645980834960938e-01 -9.365658760070800781e-01 6.250206381082534790e-02 -1.954896092414855957e+00 -1.305843114852905273e+00 -2.083924770355224609e+00 6.624515056610107422e-01 2.058990240097045898e+00
1.613720953464508057e-01 5.771142244338989258e-01 1.546824336051940918e+00 6.331705570220947266e+00 6.971642971038818359e+00 -1.379086971282958984e+00 -5.074728012084960938e+00 -3.428619384765625000e+00
9.187211990356445312e-01 -4.381440579891204834e-01 -8.093121051788330078e-01 3.389113545417785645e-01 1.723474144935607910e+00 -3.081489801406860352e-01 -1.238714814186096191e+00 9.217315316200256348e-01
