0.000000000000000000e+00
0.000000000000000000e+00
3.157091438770294189e-01
-7.041358351707458496e-01
0.000000000000000000e+00
7.669642567634582520e-02
0.000000000000000000e+00
2.376669794321060181e-01
2.625459730625152588e-01
-1.045276760123670101e-03
-1.569378003478050232e-02
0.000000000000000000e+00
3.721816539764404297e-01
2.004805952310562134e-01
5.449907779693603516e-01
-7.433291077613830566e-01
0.000000000000000000e+00
-3.282295763492584229e-01
0.000000000000000000e+00
0.000000000000000000e+00
