-6.215239167213439941e-01
-3.924681246280670166e-01
1.159936711192131042e-01
0.000000000000000000e+00
2.977322041988372803e-01
3.826957046985626221e-01
3.519118130207061768e-01
-4.368322491645812988e-01
1.171713948249816895e+00
6.194484978914260864e-02
2.178291603922843933e-02
4.197748601436614990e-01
-1.006562352180480957e+00
2.152737379074096680e-01
-1.194977387785911560e-01
-1.549027860164642334e-01
-8.840479850769042969e-01
9.386532902717590332e-01
-1.095155160874128342e-02
3.291234672069549561e-01
-2.274353504180908203e-01
0.000000000000000000e+00
0.000000000000000000e+00
0.000000000000000000e+00
-4.485273659229278564e-01
-2.680062353610992432e-01
-3.723523914813995361e-01
-1.030140090733766556e-02
0.000000000000000000e+00
1.058777451515197754e+00
