-3.213439136743545532e-02
-2.547025121748447418e-02
2.589193284511566162e-01
-2.560654580593109131e-01
0.000000000000000000e+00
2.019522190093994141e-01
-2.054705619812011719e-01
0.000000000000000000e+00
-2.094405442476272583e-01
-6.754580736160278320e-01
1.982029676437377930e-01
-1.815138161182403564e-01
1.972079873085021973e-01
-1.714889705181121826e-01
1.946203857660293579e-01
2.392676472663879395e-01
-2.044868469238281250e-01
-5.054754018783569336e-01
2.505061924457550049e-01
2.659702897071838379e-01
-3.426401317119598389e-01
0.000000000000000000e+00
0.000000000000000000e+00
2.545253932476043701e-01
1.988037824630737305e-01
7.797247171401977539e-02
-1.229131892323493958e-01
2.031307071447372437e-01
0.000000000000000000e+00
2.021071314811706543e-01
-2.044739425182342529e-01
-3.176559926941990852e-03
0.000000000000000000e+00
2.016290277242660522e-01
0.000000000000000000e+00
2.768017053604125977e-01
0.000000000000000000e+00
-1.133540347218513489e-01
5.856727957725524902e-01
3.370655477046966553e-01
