-1.641137897968292236e-01 -9.981811046600341797e-01 -2.354916781187057495e-01 1.110331296920776367e+00 2.512954235076904297e+00 9.232298731803894043e-01 -2.053899049758911133e+00 -3.052017450332641602e+00
1.196215987205505371e+00 -2.460693120956420898e-01 4.371052980422973633e-02 -6.145446300506591797e-01 -9.997881054878234863e-01 5.863221287727355957e-01 1.654874205589294434e+00 6.857710480690002441e-01
7.327842116355895996e-01 -1.423065900802612305e+00 -6.761090755462646484e-01 1.556847929954528809e+00 5.558601021766662598e-01 -3.577209711074829102e-01 -8.871592283248901367e-01 6.776568889617919922e-01
1.957430481910705566e+00 1.345894694328308105e+00 3.397871553897857666e-01 -1.962832063436508179e-01 -1.253133773803710938e+00 4.627826213836669922e-01 1.798593044281005859e+00 -8.447429537773132324e-02
4.108124375343322754e-01 -1.084792852401733398e+00 4.645039439201354980e-01 9.649553894996643066e-01 -1.059162497520446777e+00 1.220202326774597168e+00 -6.564494967460632324e-01 4.403827786445617676e-01
-3.484472930431365967e-01 -1.200019344687461853e-01 7.438295483589172363e-01 3.634992837905883789e-01 3.154261782765388489e-02 1.511603593826293945e-01 -3.587776124477386475e-01 -3.024396002292633057e-01
-7.640134692192077637e-01 1.115522980690002441e+00 -1.082591414451599121e+00 -5.415439605712890625e-01 -8.072520494461059570e-01 1.262468814849853516e+00 -1.399688959121704102e+00 2.868182957172393799e-01
-1.054626345634460449e+00 -3.392032384872436523e-01 4.839751422405242920e-01 1.176626086235046387e-01 -7.672964334487915039e-01 -7.320880293846130371e-01 3.682513535022735596e-02 -1.372558474540710449e+00
1.124157667160034180e+00 1.001227796077728271e-01 -1.542612552642822266e+00 1.008735418319702148e+00 -8.612069487571716309e-01 5.575739145278930664e-01 8.992133736610412598e-01 6.761794090270996094e-01
7.443248033523559570e-01 -9.238628149032592773e-01 -2.930948138236999512e-01 -5.254565715789794922e+00 -4.518912315368652344e+00 -7.108380198478698730e-01 6.808289527893066406e+00 4.967892646789550781e+00
3.393220305442810059e-01 2.243072688579559326e-01 -1.125315204262733459e-01 4.843154549598693848e-01 3.671925067901611328e-01 9.620984643697738647e-02 1.216098546981811523e+00 4.077711403369903564e-01
4.038730561733245850e-01 -9.998760223388671875e-01 5.501500368118286133e-01 -4.075709879398345947e-01 1.297208666801452637e+00 -3.865344822406768799e-01 -3.646661341190338135e-01 1.594921708106994629e+00
-1.649942398071289062e+00 -1.476974964141845703e+00 1.284669399261474609e+00 1.012736558914184570e+00 3.658792078495025635e-01 6.764188408851623535e-01 8.566187620162963867e-01 8.210385441780090332e-01
2.014161050319671631e-01 7.559429407119750977e-01 -1.152602553367614746e+00 -1.094915986061096191e+00 -1.190995573997497559e+00 -6.297848224639892578e-01 1.783119797706604004e+00 -9.714839458465576172e-01
-5.286272168159484863e-01 -1.507515549659729004e+00 4.454145133495330811e-01 2.811344563961029053e-01 -3.500345051288604736e-01 6.478032469749450684e-01 2.034093856811523438e+00 -6.273888945579528809e-01
-2.709052264690399170e-01 -9.580276012420654297e-01 -3.225592374801635742e-01 9.423829317092895508e-01 2.867720276117324829e-02 -8.604742288589477539e-01 1.161319375038146973e+00 7.549537420272827148e-01
-7.430582642555236816e-01 -5.271701216697692871e-01 -1.084608674049377441e+00 -1.580778121948242188e+00 3.369263112545013428e-01 -2.765768766403198242e-01 9.750221967697143555e-01 1.013361334800720215e+00
-1.009983792901039124e-01 -6.931460499763488770e-01 1.245847105979919434e+00 7.542360782623291016e+00 6.320748805999755859e+00 2.076101064682006836e+00 -6.536252975463867188e+00 -5.121840953826904297e+00
-1.835821270942687988e-01 3.860349953174591064e-01 -1.013160228729248047e+00 1.233170866966247559e+00 9.127658605575561523e-01 -1.052929520606994629e+00 5.430365800857543945e-01 1.299091696739196777e+00
-1.812014460563659668e+00 -1.853845119476318359e-01 -6.657332777976989746e-01 1.658918738365173340e+00 1.306311488151550293e+00 -7.645514011383056641e-01 -6.075614094734191895e-01 8.556720614433288574e-01
5.555214285850524902e-01 -9.273678064346313477e-01 1.316380381584167480e+00 1.734512329101562500e+01 1.573921298980712891e+01 4.511697962880134583e-02 -1.722051811218261719e+01 -1.537025928497314453e+01
1.542461991310119629e+00 -2.949765622615814209e-01 2.734893560409545898e-01 2.066946983337402344e+00 2.619122862815856934e-01 -5.565118789672851562e-01 -8.918683528900146484e-01 -2.900139242410659790e-02
-1.145052433013916016e+00 2.291148900985717773e-01 5.631819963455200195e-01 -7.328273057937622070e-01 9.449343681335449219e-01 1.517044603824615479e-01 -6.089231967926025391e-01 -1.860628128051757812e-01
-5.605659484863281250e-01 7.489066123962402344e-01 -3.282122611999511719e-01 3.454588353633880615e-01 3.971612751483917236e-01 -2.502190470695495605e-01 5.714005231857299805e-01 4.590114057064056396e-01
2.578245103359222412e-01 -1.585127592086791992e+00 -1.376207917928695679e-01 -3.623902739491313696e-04 1.419296562671661377e-01 1.624614000320434570e+00 -7.418137192726135254e-01 -4.946276843547821045e-01
-2.570839822292327881e-01 1.538832187652587891e+00 4.897366836667060852e-02 4.733698070049285889e-01 -7.186613678932189941e-01 -4.425857067108154297e-01 1.094942688941955566e-01 1.298782378435134888e-01
3.172878324985504150e-01 8.802031278610229492e-01 5.207691192626953125e-01 -1.377516031265258789e+00 -1.901485443115234375e+00 -1.990320324897766113e+00 2.088641881942749023e+00 4.067526459693908691e-01
8.399836421012878418e-01 -4.995777308940887451e-01 6.941714286804199219e-01 1.767748594284057617e+00 -1.414939314126968384e-01 2.025661766529083252e-01 -3.659154288470745087e-03 -1.426942944526672363e-01
1.183763504028320312e+00 -8.555340170860290527e-01 4.406968504190444946e-02 -1.142058968544006348e+00 -1.345314085483551025e-01 8.139079213142395020e-01 -4.856766015291213989e-02 -6.690730452537536621e-01
-9.446647167205810547e-01 1.105818748474121094e+00 -2.897444665431976318e-01 1.178629636764526367e+00 1.020305514335632324e+00 1.875593543052673340e+00 8.913839459419250488e-01 -1.218808174133300781e+00
-2.979524433612823486e-03 3.586017489433288574e-01 -1.211159706115722656e+00 -9.055317044258117676e-01 -1.021090865135192871e+00 -3.825654387474060059e-01 2.126737117767333984e+00 1.045920729637145996e+00
2.084358632564544678e-01 -5.577687025070190430e-01 -3.776781857013702393e-01 1.447078466415405273e+00 1.032889246940612793e+00 3.210784196853637695e-01 1.425050348043441772e-01 4.217529296875000000e-01
-1.281764030456542969e+00 1.514647603034973145e+00 -1.523392558097839355e+00 -6.029545068740844727e-01 -8.489054441452026367e-01 8.640438318252563477e-01 -1.713611602783203125e+00 8.748367428779602051e-01
8.668844699859619141e-01 -2.669441401958465576e-01 1.737009525299072266e+00 7.795766592025756836e-01 2.750149667263031006e-01 -3.036377578973770142e-02 -2.837444841861724854e-01 1.426489949226379395e-01
-1.247997045516967773e+00 3.258489668369293213e-01 -1.121083274483680725e-01 1.289995789527893066e+00 7.944344878196716309e-01 1.729532480239868164e-01 3.749240636825561523e-01 -2.913956344127655029e-01
7.046294212341308594e-02 1.074891686439514160e+00 8.309541940689086914e-01 8.969105482101440430e-01 1.576552748680114746e+00 -2.779703354462981224e-03 2.565699629485607147e-03 2.676705718040466309e-01
1.255022764205932617e+00 2.734779715538024902e-01 -1.450216293334960938e+00 -1.168930605053901672e-01 5.304012298583984375e-01 3.948689624667167664e-02 -4.388350993394851685e-02 6.874303817749023438e-01
7.765645980834960938e-01 -9.365658760070800781e-01 6.250206381082534790e-02 -1.947342038154602051e+00 -1.298288464546203613e+00 -2.083924770355224609e+00 6.549201011657714844e-01 2.051429033279418945e+00
1.613720953464508057e-01 5.771142244338989258e-01 1.546824336051940918e+00 6.276793479919433594e+00 6.916729450225830078e+00 -1.379086971282958984e+00 -5.019808769226074219e+00 -3.373622655868530273e+00
9.187211990356445312e-01 -4.381440579891204834e-01 -8.093121051788330078e-01 3.341111540794372559e-01 1.718668103218078613e+00 -3.081489801406860352e-01 -1.233902573585510254e+00 9.265350699424743652e-01
