-7.113934755325317383e-01
-3.822952806949615479e-01
2.294205188751220703e+00
1.691646337509155273e+00
-2.564288854598999023e+00
-7.849940657615661621e-01
2.090803980827331543e-01
1.170842908322811127e-03
2.658201158046722412e-01
-5.066664814949035645e-01
-8.499832749366760254e-01
-8.322704434394836426e-01
-1.501148790121078491e-01
-7.704905271530151367e-01
6.369967460632324219e-01
-6.265867948532104492e-01
2.592902481555938721e-01
5.267967581748962402e-01
2.313695669174194336e+00
-7.961147278547286987e-02
