-1.383749127388000488e+00 -1.546391725540161133e+00 1.611682772636413574e-01 5.879442691802978516e-01 8.564282059669494629e-01 1.149321675300598145e+00 -6.046524643898010254e-01 -1.861438632011413574e+00 -1.338107883930206299e-01 -1.275947332382202148e+00 -7.073130607604980469e-01 -8.058529496192932129e-01 3.311419785022735596e-01 -4.468489587306976318e-01 -1.237604487687349319e-02
6.023740768432617188e-01 6.901497244834899902e-01 -3.110968172550201416e-01 -7.532587051391601562e-01 -1.405379176139831543e+00 -1.082418799400329590e+00 -1.317412614822387695e+00 -8.820262551307678223e-01 -1.211182713508605957e+00 8.507731556892395020e-01 4.923981726169586182e-01 -6.737520098686218262e-01 1.094618201255798340e+00 -1.315538644790649414e+00 9.374324679374694824e-01
-1.045412063598632812e+00 -4.423894286155700684e-01 -1.211340904235839844e+00 -3.459872007369995117e-01 9.425703287124633789e-01 9.601122140884399414e-01 -4.682335555553436279e-01 -1.435842812061309814e-01 -6.304420828819274902e-01 -9.174920916557312012e-01 -5.246186256408691406e-01 -6.219801306724548340e-01 -1.666865229606628418e+00 -1.132173776626586914e+00 -8.569642901420593262e-01
-1.992985725402832031e+00 2.716451287269592285e-01 -9.536661207675933838e-02 1.425265192985534668e+00 1.046256303787231445e+00 9.468672275543212891e-01 8.518827557563781738e-01 9.566512703895568848e-01 7.283616065979003906e-01 -4.213545024394989014e-01 2.582843303680419922e-01 1.167484521865844727e-01 -9.352428913116455078e-01 6.665427684783935547e-01 8.113480806350708008e-01
-1.625307798385620117e+00 2.101443052291870117e+00 3.508543372154235840e-01 2.073045521974563599e-01 -1.016590952873229980e+00 -6.166483163833618164e-01 4.694831669330596924e-01 1.395324617624282837e-01 -6.270187497138977051e-01 1.011512517929077148e+00 -1.609339952468872070e+00 -4.420184195041656494e-01 -6.848573088645935059e-01 1.557294845581054688e+00 1.282469779253005981e-01
9.024697542190551758e-01 -9.569587707519531250e-01 -7.062846422195434570e-01 -7.032817602157592773e-01 7.564527392387390137e-01 4.260279536247253418e-01 4.063743948936462402e-01 4.557470679283142090e-01 9.482845664024353027e-01 1.458939075469970703e+00 9.226986169815063477e-01 6.479123234748840332e-01 -3.547122478485107422e-01 -8.740594983100891113e-01 1.614454090595245361e-01
1.874632239341735840e+00 -2.160853147506713867e-01 8.378214240074157715e-01 2.754103243350982666e-01 -3.849873840808868408e-01 1.280339837074279785e+00 6.033797264099121094e-01 1.383474946022033691e+00 8.593732714653015137e-01 -4.110753834247589111e-01 -1.517592072486877441e-01 3.194349110126495361e-01 -5.036493539810180664e-01 -3.646145015954971313e-02 4.589013755321502686e-01
1.218671560287475586e+00 3.015974462032318115e-01 5.719975233078002930e-01 -1.157692313194274902e+00 -3.188019990921020508e-01 -1.408406257629394531e+00 -6.940031647682189941e-01 -7.427061200141906738e-01 4.543534517288208008e-01 3.843799531459808350e-01 1.883970350027084351e-01 -5.112768411636352539e-01 2.269263565540313721e-01 -9.800417423248291016e-01 -1.151762843132019043e+00
2.801993846893310547e+00 1.768833041191101074e+00 4.746343493461608887e-01 -2.185057640075683594e+00 7.965440750122070312e-01 -4.406584203243255615e-01 5.188398957252502441e-01 -2.407942116260528564e-01 -1.247626066207885742e+00 2.043213695287704468e-02 6.293691158294677734e+00 -1.550271034240722656e+00 -5.467919707298278809e-01 -9.871327131986618042e-02 -1.072490096092224121e+00
-1.056554354727268219e-02 -1.921464651823043823e-01 -2.243009395897388458e-02 1.106802463531494141e+00 1.327078640460968018e-01 -2.334969043731689453e-01 -8.575420975685119629e-01 -1.202881410717964172e-01 -5.107670426368713379e-01 4.029050469398498535e-01 -6.639792025089263916e-02 8.228935003280639648e-01 6.904860734939575195e-01 -9.881931543350219727e-01 7.578472793102264404e-02
