1.097722053527832031e+00 -6.721440553665161133e-01 2.048737555742263794e-01 9.245654940605163574e-01 -4.734712243080139160e-01 2.407822757959365845e-02 -1.500096917152404785e+00 9.032384753227233887e-01 2.749484777450561523e-01 -6.649925559759140015e-02 -2.961779832839965820e+00 -3.995028883218765259e-02 -1.505577862262725830e-01 3.636271134018898010e-02 5.614974498748779297e-01 -1.255740165710449219e+00 -8.544144779443740845e-02 1.249182343482971191e+00 -7.975735068321228027e-01 5.953602790832519531e-01
9.539875984191894531e-01 -7.499630451202392578e-01 -1.248681187629699707e+00 -6.395718455314636230e-01 1.722331285476684570e+00 -1.187845990061759949e-01 -1.367206573486328125e+00 1.548837423324584961e+00 -1.266224861145019531e+00 -1.074607133865356445e+00 2.413237094879150391e-01 -7.242380827665328979e-02 -1.566730380058288574e+00 -1.578787326812744141e+00 1.979233503341674805e+00 -1.048932909965515137e+00 1.288890480995178223e+00 1.388154387474060059e+00 -1.674818277359008789e+00 5.227394104003906250e-01
-1.078140735626220703e+00 2.944124937057495117e-01 4.026704430580139160e-01 -3.442554473876953125e-01 7.821453809738159180e-01 9.248799681663513184e-01 4.836343824863433838e-01 1.801316738128662109e+00 5.189049839973449707e-01 1.821325570344924927e-01 4.977110326290130615e-01 -1.849321365356445312e+00 -1.629011988639831543e+00 -1.057760000228881836e+00 1.304050683975219727e+00 1.672659397125244141e+00 8.723031878471374512e-01 -7.460919618606567383e-01 2.970500290393829346e-01 7.183424830436706543e-01
6.610428690910339355e-01 -9.541068673133850098e-01 -1.637612700462341309e+00 3.270659148693084717e-01 -3.411535173654556274e-02 -2.476329505443572998e-01 4.739178419113159180e-01 4.442819952964782715e-02 8.114580512046813965e-01 -4.527792632579803467e-01 1.954369992017745972e-01 -5.540546774864196777e-01 1.354841589927673340e+00 3.506401777267456055e-01 -2.674266323447227478e-02 -3.823723793029785156e-01 9.880605340003967285e-01 -1.254710078239440918e+00 -6.986911594867706299e-02 -2.426039129495620728e-01
-1.599561572074890137e+00 -1.346523046493530273e+00 -1.014558672904968262e+00 -1.165106654167175293e+00 9.497143030166625977e-01 -1.952052563428878784e-01 -4.865484535694122314e-01 -2.728164196014404297e+00 -4.834100008010864258e-01 1.728848069906234741e-01 6.157867312431335449e-01 1.543187946081161499e-01 1.245954990386962891e+00 1.163761615753173828e+00 -3.420135498046875000e+00 1.755752712488174438e-01 8.999032378196716309e-01 -9.881018996238708496e-01 -6.978593468666076660e-01 -9.584215283393859863e-01
4.392748832702636719e+00 3.270579814910888672e+00 -3.887929439544677734e+00 7.485210299491882324e-01 -1.569458127021789551e+00 -1.015074253082275391e+00 3.031215906143188477e+00 7.562258720397949219e+00 2.643728256225585938e+00 -3.158145844936370850e-01 1.436733126640319824e+00 7.218293547630310059e-01 -1.627669334411621094e-01 7.608955860137939453e+00 1.308812737464904785e+00 -3.405552864074707031e+00 8.441113233566284180e-01 -3.025729417800903320e+00 -2.287700653076171875e+00 -2.008547782897949219e-01
5.948475003242492676e-01 3.827474117279052734e-01 6.503106355667114258e-01 1.183328390121459961e+00 -1.476242184638977051e+00 1.318207740783691406e+00 4.694179594516754150e-01 5.024632215499877930e-01 -3.920395672321319580e-01 -9.403923898935317993e-02 5.467285513877868652e-01 -6.584875583648681641e-01 -1.023214459419250488e+00 6.096484661102294922e-01 -4.689636528491973877e-01 -5.830448120832443237e-02 1.008105799555778503e-01 -5.845320820808410645e-01 -9.691373109817504883e-01 1.191635727882385254e-01
1.999980330467224121e+00 8.124252557754516602e-01 -1.320258140563964844e+00 1.811751246452331543e+00 -9.413578510284423828e-01 2.361742854118347168e-01 1.278948783874511719e+00 1.303655743598937988e+00 1.638356328010559082e+00 8.518039435148239136e-02 4.742967188358306885e-01 1.178002953529357910e+00 -1.663008689880371094e+00 -2.050789296627044678e-01 -1.039682626724243164e+00 3.346802294254302979e-02 7.217769622802734375e-01 -5.594366788864135742e-01 5.404233932495117188e-01 -5.873587131500244141e-01
-8.913252949714660645e-01 -7.969084978103637695e-01 8.106430768966674805e-01 -8.766254186630249023e-01 1.139592304825782776e-01 4.909566342830657959e-01 -1.478388905525207520e+00 -4.780159294605255127e-01 -3.671876490116119385e-01 1.693555951118469238e+00 5.046157836914062500e-01 -5.329832434654235840e-01 -1.049324944615364075e-01 -6.171878576278686523e-01 1.808683037757873535e+00 -1.201740860939025879e+00 -6.564717888832092285e-01 -1.827765703201293945e-01 7.546816468238830566e-01 1.491855263710021973e+00
5.455973148345947266e+00 3.229023456573486328e+00 -2.396479129791259766e+00 1.395402193069458008e+00 -3.117432594299316406e+00 1.689952850341796875e+00 2.404721021652221680e+00 7.639029502868652344e+00 9.704173803329467773e-01 -6.730266213417053223e-01 6.502247333526611328e+00 7.826381206512451172e+00 -4.269933700561523438e+00 3.378541946411132812e+00 -4.978454411029815674e-01 -2.285043716430664062e+00 3.447022676467895508e+00 -5.484703540802001953e+00 7.577775511890649796e-03 3.832028150558471680e+00
1.983302831649780273e-01 5.012371540069580078e-01 1.120035886764526367e+00 -5.115631818771362305e-01 -2.284661769866943359e+00 -2.162024259567260742e+00 2.191564559936523438e+00 -1.833954900503158569e-01 1.392341136932373047e+00 -4.262976050376892090e-01 -2.851378202438354492e+00 -6.002703309059143066e-01 1.045303326100111008e-02 1.104870200157165527e+00 -1.912118196487426758e-01 -2.414282411336898804e-01 2.716326713562011719e-01 1.214831590652465820e+00 -5.365645289421081543e-01 -1.719773709774017334e-01
-5.149114131927490234e-01 5.361640825867652893e-02 3.491719365119934082e-01 8.602103590965270996e-01 4.084815979003906250e-01 4.759703278541564941e-01 7.082972526550292969e-01 1.154783129692077637e+00 -2.873442471027374268e-01 1.508350372314453125e-01 -4.015678465366363525e-01 1.448142766952514648e+00 -1.102113842964172363e+00 -7.329431772232055664e-01 1.989308148622512817e-01 -6.197834014892578125e-01 8.402459621429443359e-01 -1.685664653778076172e-01 1.143841862678527832e+00 4.356757402420043945e-01
-1.474093914031982422e+00 4.671815633773803711e-01 6.661468744277954102e-01 -1.375096440315246582e+00 -9.997770786285400391e-01 1.666788011789321899e-02 1.236468315124511719e+00 -1.779257178306579590e+00 -7.397266030311584473e-01 2.125155180692672729e-01 1.795568704605102539e+00 1.360103964805603027e+00 9.626435041427612305e-01 4.164654016494750977e-01 7.269005775451660156e-01 -5.385018512606620789e-02 -1.390917319804430008e-02 -5.334438085556030273e-01 2.549756765365600586e-01 -4.180467426776885986e-01
7.119216322898864746e-01 8.548413515090942383e-01 1.621089279651641846e-01 -3.594948947429656982e-01 4.903592765331268311e-01 -8.095703721046447754e-01 4.916851520538330078e-01 -7.878841757774353027e-01 5.082556605339050293e-01 -4.566979110240936279e-01 1.775486618280410767e-01 4.269363582134246826e-01 1.133344769477844238e+00 -7.139237970113754272e-02 -6.718102097511291504e-01 1.176554679870605469e+00 -5.263824462890625000e-01 4.989686906337738037e-01 -4.936930239200592041e-01 -4.583263099193572998e-01
1.044018149375915527e+00 9.972016811370849609e-01 -3.126839399337768555e-01 -1.709824919700622559e+00 -1.813188552856445312e+00 2.555037438869476318e-01 -5.475744605064392090e-01 -1.975619196891784668e+00 -6.471851468086242676e-01 -1.577850580215454102e+00 -8.171831816434860229e-02 -2.840472757816314697e-01 -1.884993612766265869e-01 1.226257801055908203e+00 -2.400087416172027588e-01 8.214975595474243164e-01 4.222542047500610352e-01 1.277194380760192871e+00 -6.852191686630249023e-01 1.435113906860351562e+00
