4.660658359527587891e+00 3.309337854385375977e+00 2.974708557128906250e+00
2.329376459121704102e+00 -8.700711131095886230e-01 9.370292723178863525e-02
2.703071355819702148e+00 -4.235716819763183594e+00 -6.193510055541992188e+00
2.912945032119750977e+00 2.836802415549755096e-02 3.847338557243347168e-01
2.160345077514648438e+00 -6.134803771972656250e+00 -3.082040786743164062e+00
6.611224412918090820e-01 -1.194001555442810059e+00 -6.622212380170822144e-02
-2.303413629531860352e+00 -2.569757401943206787e-01 1.981740713119506836e+00
-6.626473903656005859e+00 3.720653772354125977e+00 -1.771100759506225586e+00
1.184206962585449219e+00 2.524583339691162109e+00 -1.339416146278381348e+00
6.043801903724670410e-01 3.903360664844512939e-02 5.880092978477478027e-01
-7.151451110839843750e+00 3.069970846176147461e+00 6.573488563299179077e-02
1.049202322959899902e+00 3.330906391143798828e+00 1.266769766807556152e-01
-8.079129457473754883e-01 4.572384357452392578e+00 -3.468220233917236328e-01
2.397309780120849609e+00 2.905056238174438477e+00 -1.267793178558349609e+00
-8.567323684692382812e-01 3.438655614852905273e+00 2.217656821012496948e-01
1.408431231975555420e-01 -1.024693250656127930e+00 8.562570810317993164e-01
-5.360450744628906250e-01 -3.339682519435882568e-01 -1.658043861389160156e-01
4.133319556713104248e-01 -2.102594614028930664e+00 -6.177886724472045898e-01
-4.519646644592285156e+00 2.522137641906738281e+00 -1.346439868211746216e-01
7.447557449340820312e-01 3.429322004318237305e+00 6.852405071258544922e-01
