0.000000000000000000e+00
0.000000000000000000e+00
-1.854605227708816528e-02
-4.111872985959053040e-02
0.000000000000000000e+00
6.786494702100753784e-02
0.000000000000000000e+00
4.264702647924423218e-02
1.193021144717931747e-02
1.192023530602455139e-01
5.125552043318748474e-02
0.000000000000000000e+00
4.009411111474037170e-02
-2.937315963208675385e-02
4.408590868115425110e-02
-1.868877746164798737e-02
0.000000000000000000e+00
-2.588626556098461151e-02
0.000000000000000000e+00
0.000000000000000000e+00
