-4.123865067958831787e-02
-2.251354418694972992e-02
-3.276643529534339905e-02
0.000000000000000000e+00
2.670304290950298309e-02
7.482952624559402466e-02
5.288958549499511719e-02
2.243301458656787872e-02
-2.185498923063278198e-02
5.815983284264802933e-03
-2.776657417416572571e-02
8.165363222360610962e-02
-6.823074221611022949e-01
-1.842330582439899445e-02
2.845414914190769196e-02
1.174009367823600769e-01
-2.016353979706764221e-02
5.776015520095825195e-01
-1.095155160874128342e-02
-2.507692202925682068e-02
2.572727948427200317e-02
0.000000000000000000e+00
0.000000000000000000e+00
0.000000000000000000e+00
-2.365807443857192993e-02
3.464362025260925293e-02
-2.304819412529468536e-02
-1.030140090733766556e-02
0.000000000000000000e+00
-9.393772110342979431e-03
