-2.881866320967674255e-02
-2.547025121748447418e-02
3.207239508628845215e-02
-2.667552605271339417e-02
0.000000000000000000e+00
-2.448220364749431610e-02
2.256209403276443481e-02
0.000000000000000000e+00
2.406523004174232483e-02
-7.713268045336008072e-03
-2.182527258992195129e-02
5.106005445122718811e-02
-2.587599493563175201e-02
5.710146203637123108e-02
-2.507224306464195251e-02
2.566456422209739685e-02
2.435535937547683716e-02
-3.158291429281234741e-02
2.602826803922653198e-02
3.913744166493415833e-02
-2.702968008816242218e-02
0.000000000000000000e+00
0.000000000000000000e+00
3.386983275413513184e-02
-2.832933142781257629e-02
-1.833594590425491333e-02
1.055708751082420349e-01
-2.380929142236709595e-02
0.000000000000000000e+00
-2.519945614039897919e-02
2.440454624593257904e-02
-3.176559926941990852e-03
0.000000000000000000e+00
-2.464272268116474152e-02
0.000000000000000000e+00
4.861889407038688660e-02
0.000000000000000000e+00
1.151543408632278442e-01
-2.800843305885791779e-02
7.256120443344116211e-02
