-1.641137897968292236e-01 -9.981811046600341797e-01 -2.354916781187057495e-01 -1.963282078504562378e-01 1.206412792205810547e+00 9.232298731803894043e-01 -7.527008056640625000e-01 -1.745812177658081055e+00
1.196215987205505371e+00 -2.460693120956420898e-01 4.371052980422973633e-02 -6.145446300506591797e-01 -9.997881054878234863e-01 5.863221287727355957e-01 1.654874205589294434e+00 6.857710480690002441e-01
7.327842116355895996e-01 -1.423065900802612305e+00 -6.761090755462646484e-01 1.457163333892822266e+00 4.562365710735321045e-01 -3.577209711074829102e-01 -7.808982133865356445e-01 7.784823179244995117e-01
1.957430481910705566e+00 1.345894694328308105e+00 3.397871553897857666e-01 -1.441577970981597900e-01 -1.200921297073364258e+00 4.627826213836669922e-01 1.752120971679687500e+00 -1.354099512100219727e-01
4.108124375343322754e-01 -1.084792852401733398e+00 4.645039439201354980e-01 9.649553894996643066e-01 -1.059162497520446777e+00 1.220202326774597168e+00 -6.564494967460632324e-01 4.403827786445617676e-01
-3.484472930431365967e-01 -1.200019344687461853e-01 7.438295483589172363e-01 3.544894456863403320e-01 2.262832224369049072e-02 1.511603593826293945e-01 -3.437637090682983398e-01 -2.922632694244384766e-01
-7.640134692192077637e-01 1.115522980690002441e+00 -1.082591414451599121e+00 -5.599211454391479492e-01 -8.255343437194824219e-01 1.262468814849853516e+00 -1.375029683113098145e+00 3.063575029373168945e-01
-1.054626345634460449e+00 -3.392032384872436523e-01 4.839751422405242920e-01 1.176626086235046387e-01 -7.672964334487915039e-01 -7.320880293846130371e-01 3.682513535022735596e-02 -1.372558474540710449e+00
1.124157667160034180e+00 1.001227796077728271e-01 -1.542612552642822266e+00 9.459000825881958008e-01 -9.239372611045837402e-01 5.575739145278930664e-01 9.685552716255187988e-01 7.401633858680725098e-01
7.443248033523559570e-01 -9.238628149032592773e-01 -2.930948138236999512e-01 -2.806146740913391113e-01 4.565982222557067871e-01 -7.108380198478698730e-01 1.811189055442810059e+00 -3.370139980688691139e-03
3.393220305442810059e-01 2.243072688579559326e-01 -1.125315204262733459e-01 4.805132150650024414e-01 3.634864091873168945e-01 9.620984643697738647e-02 1.225811600685119629e+00 4.127484261989593506e-01
4.038730561733245850e-01 -9.998760223388671875e-01 5.501500368118286133e-01 -3.803758621215820312e-01 1.324520468711853027e+00 -3.865344822406768799e-01 -3.860199749469757080e-01 1.568909645080566406e+00
-1.649942398071289062e+00 -1.476974964141845703e+00 1.284669399261474609e+00 9.990286827087402344e-01 3.522888720035552979e-01 6.764188408851623535e-01 8.763431310653686523e-01 8.358948230743408203e-01
2.014161050319671631e-01 7.559429407119750977e-01 -1.152602553367614746e+00 -1.084947705268859863e+00 -1.180936694145202637e+00 -6.297848224639892578e-01 1.779214859008789062e+00 -9.803036451339721680e-01
-5.286272168159484863e-01 -1.507515549659729004e+00 4.454145133495330811e-01 4.321303665637969971e-01 -1.988852173089981079e-01 6.478032469749450684e-01 1.887857198715209961e+00 -7.771537899971008301e-01
-2.709052264690399170e-01 -9.580276012420654297e-01 -3.225592374801635742e-01 8.984701633453369141e-01 -1.515880785882472992e-02 -8.604742288589477539e-01 1.211375117301940918e+00 8.000138401985168457e-01
-7.430582642555236816e-01 -5.271701216697692871e-01 -1.084608674049377441e+00 -1.564280152320861816e+00 3.535512685775756836e-01 -2.765768766403198242e-01 9.644500017166137695e-01 9.980226159095764160e-01
-1.009983792901039124e-01 -6.931460499763488770e-01 1.245847105979919434e+00 2.090095281600952148e+00 8.670690655708312988e-01 2.076101064682006836e+00 -1.040897607803344727e+00 3.291685879230499268e-01
-1.835821270942687988e-01 3.860349953174591064e-01 -1.013160228729248047e+00 1.211591362953186035e+00 8.912689685821533203e-01 -1.052929520606994629e+00 5.706440806388854980e-01 1.321833729743957520e+00
-1.812014460563659668e+00 -1.853845119476318359e-01 -6.657332777976989746e-01 1.604628086090087891e+00 1.252110600471496582e+00 -7.645514011383056641e-01 -5.469869375228881836e-01 9.110818505287170410e-01
5.555214285850524902e-01 -9.273678064346313477e-01 1.316380381584167480e+00 1.856677174568176270e+00 2.469925284385681152e-01 4.511697962880134583e-02 -1.691723108291625977e+00 1.128540709614753723e-01
1.542461991310119629e+00 -2.949765622615814209e-01 2.734893560409545898e-01 2.066946983337402344e+00 2.619122862815856934e-01 -5.565118789672851562e-01 -8.918683528900146484e-01 -2.900139242410659790e-02
-1.145052433013916016e+00 2.291148900985717773e-01 5.631819963455200195e-01 -7.328273057937622070e-01 9.449343681335449219e-01 1.517044603824615479e-01 -6.089231967926025391e-01 -1.860628128051757812e-01
-5.605659484863281250e-01 7.489066123962402344e-01 -3.282122611999511719e-01 4.279119968414306641e-01 4.797456562519073486e-01 -2.502190470695495605e-01 4.943884909152984619e-01 3.777668476104736328e-01
2.578245103359222412e-01 -1.585127592086791992e+00 -1.376207917928695679e-01 -9.552221745252609253e-02 4.684162512421607971e-02 1.624614000320434570e+00 -6.402409076690673828e-01 -3.983353674411773682e-01
-2.570839822292327881e-01 1.538832187652587891e+00 4.897366836667060852e-02 9.529528617858886719e-01 -2.388339787721633911e-01 -4.425857067108154297e-01 -3.676165640354156494e-01 -3.483096957206726074e-01
3.172878324985504150e-01 8.802031278610229492e-01 5.207691192626953125e-01 -1.234231710433959961e+00 -1.758053183555603027e+00 -1.990320324897766113e+00 1.950397014617919922e+00 2.646708488464355469e-01
8.399836421012878418e-01 -4.995777308940887451e-01 6.941714286804199219e-01 1.756745338439941406e+00 -1.523805707693099976e-01 2.025661766529083252e-01 1.332022529095411301e-02 -1.305446475744247437e-01
1.183763504028320312e+00 -8.555340170860290527e-01 4.406968504190444946e-02 -1.142058968544006348e+00 -1.345314085483551025e-01 8.139079213142395020e-01 -4.856766015291213989e-02 -6.690730452537536621e-01
-9.446647167205810547e-01 1.105818748474121094e+00 -2.897444665431976318e-01 1.170598149299621582e+00 1.012369394302368164e+00 1.875593543052673340e+00 9.053670167922973633e-01 -1.209624528884887695e+00
-2.979524433612823486e-03 3.586017489433288574e-01 -1.211159706115722656e+00 -8.537587523460388184e-01 -9.691759347915649414e-01 -3.825654387474060059e-01 2.080793857574462891e+00 9.953332543373107910e-01
2.084358632564544678e-01 -5.577687025070190430e-01 -3.776781857013702393e-01 1.447078466415405273e+00 1.032889246940612793e+00 3.210784196853637695e-01 1.425050348043441772e-01 4.217529296875000000e-01
-1.281764030456542969e+00 1.514647603034973145e+00 -1.523392558097839355e+00 -6.029545068740844727e-01 -8.489054441452026367e-01 8.640438318252563477e-01 -1.713611602783203125e+00 8.748367428779602051e-01
8.668844699859619141e-01 -2.669441401958465576e-01 1.737009525299072266e+00 7.382118105888366699e-01 2.337540239095687866e-01 -3.036377578973770142e-02 -2.361606657505035400e-01 1.851614862680435181e-01
-1.247997045516967773e+00 3.258489668369293213e-01 -1.121083274483680725e-01 1.289995789527893066e+00 7.944344878196716309e-01 1.729532480239868164e-01 3.749240636825561523e-01 -2.913956344127655029e-01
7.046294212341308594e-02 1.074891686439514160e+00 8.309541940689086914e-01 7.244094014167785645e-01 1.404140114784240723e+00 -2.779703354462981224e-03 1.814683228731155396e-01 4.413090050220489502e-01
1.255022764205932617e+00 2.734779715538024902e-01 -1.450216293334960938e+00 -1.168930605053901672e-01 5.304012298583984375e-01 3.948689624667167664e-02 -4.388350993394851685e-02 6.874303817749023438e-01
7.765645980834960938e-01 -9.365658760070800781e-01 6.250206381082534790e-02 -1.501724958419799805e+00 -8.524110317230224609e-01 -2.083924770355224609e+00 2.125267982482910156e-01 1.607170701026916504e+00
1.613720953464508057e-01 5.771142244338989258e-01 1.546824336051940918e+00 1.013692259788513184e+00 1.652078270912170410e+00 -1.379086971282958984e+00 2.571569681167602539e-01 1.888630509376525879e+00
9.187211990356445312e-01 -4.381440579891204834e-01 -8.093121051788330078e-01 1.917333006858825684e-01 1.576377749443054199e+00 -3.081489801406860352e-01 -1.085121035575866699e+00 1.070043087005615234e+00
