0.000000000000000000e+00
0.000000000000000000e+00
2.607303261756896973e-01
-6.959236264228820801e-01
0.000000000000000000e+00
1.032815128564834595e-01
0.000000000000000000e+00
2.388170510530471802e-01
2.058665156364440918e-01
-9.731585741974413395e-04
-4.049007594585418701e-02
0.000000000000000000e+00
3.887859880924224854e-01
2.118436545133590698e-01
5.594630241394042969e-01
-6.410971283912658691e-01
0.000000000000000000e+00
-2.740369439125061035e-01
0.000000000000000000e+00
0.000000000000000000e+00
