-5.228664278984069824e-01
-3.441593647003173828e-01
1.975577324628829956e-01
0.000000000000000000e+00
3.326113224029541016e-01
3.477654755115509033e-01
3.520341515541076660e-01
-3.569038808345794678e-01
1.122284173965454102e+00
5.665879696607589722e-02
-7.847187668085098267e-02
4.358091354370117188e-01
-9.768098592758178711e-01
2.119590342044830322e-01
-1.856737732887268066e-01
-9.572746604681015015e-02
-8.211428523063659668e-01
9.078814983367919922e-01
-1.095155160874128342e-02
2.287270426750183105e-01
-1.249509379267692566e-01
0.000000000000000000e+00
0.000000000000000000e+00
0.000000000000000000e+00
-4.020140767097473145e-01
-1.746625006198883057e-01
-3.744318485260009766e-01
-1.030140090733766556e-02
0.000000000000000000e+00
-2.924263477325439453e-01
