-3.400579839944839478e-02
-2.547025121748447418e-02
1.933946758508682251e-01
-1.894743889570236206e-01
0.000000000000000000e+00
1.366359293460845947e-01
-1.393250524997711182e-01
0.000000000000000000e+00
-1.408151090145111084e-01
-7.189618945121765137e-01
1.356852352619171143e-01
-1.129467785358428955e-01
1.332684159278869629e-01
-1.051726564764976501e-01
1.339108794927597046e-01
1.788154840469360352e-01
-1.380312293767929077e-01
-4.714837670326232910e-01
1.859084516763687134e-01
2.004305869340896606e-01
-2.797143459320068359e-01
0.000000000000000000e+00
0.000000000000000000e+00
1.920060664415359497e-01
1.332350075244903564e-01
1.388075500726699829e-01
-5.666235089302062988e-02
1.375458240509033203e-01
0.000000000000000000e+00
1.363490074872970581e-01
-1.380411535501480103e-01
-3.176559926941990852e-03
0.000000000000000000e+00
1.363419294357299805e-01
0.000000000000000000e+00
2.061514258384704590e-01
0.000000000000000000e+00
-4.711328074336051941e-02
6.450994610786437988e-01
2.620900273323059082e-01
