-1.641137897968292236e-01 -9.981811046600341797e-01 -2.354916781187057495e-01 8.178917765617370605e-01 2.220462083816528320e+00 9.232298731803894043e-01 -1.760744571685791016e+00 -2.759582757949829102e+00
1.196215987205505371e+00 -2.460693120956420898e-01 4.371052980422973633e-02 -6.145446300506591797e-01 -9.997881054878234863e-01 5.863221287727355957e-01 1.654874205589294434e+00 6.857710480690002441e-01
7.327842116355895996e-01 -1.423065900802612305e+00 -6.761090755462646484e-01 1.529561519622802734e+00 5.285724997520446777e-01 -3.577209711074829102e-01 -8.579889535903930664e-01 7.054753899574279785e-01
1.957430481910705566e+00 1.345894694328308105e+00 3.397871553897857666e-01 -1.817832291126251221e-01 -1.238614916801452637e+00 4.627826213836669922e-01 1.785898923873901367e+00 -9.844626486301422119e-02
4.108124375343322754e-01 -1.084792852401733398e+00 4.645039439201354980e-01 9.649553894996643066e-01 -1.059162497520446777e+00 1.220202326774597168e+00 -6.564494967460632324e-01 4.403827786445617676e-01
-3.484472930431365967e-01 -1.200019344687461853e-01 7.438295483589172363e-01 3.586806952953338623e-01 2.676057815551757812e-02 1.511603593826293945e-01 -3.521342873573303223e-01 -2.971016466617584229e-01
-7.640134692192077637e-01 1.115522980690002441e+00 -1.082591414451599121e+00 -5.334672331809997559e-01 -7.991449236869812012e-01 1.262468814849853516e+00 -1.405909538269042969e+00 2.792851328849792480e-01
-1.054626345634460449e+00 -3.392032384872436523e-01 4.839751422405242920e-01 1.176626086235046387e-01 -7.672964334487915039e-01 -7.320880293846130371e-01 3.682513535022735596e-02 -1.372558474540710449e+00
1.124157667160034180e+00 1.001227796077728271e-01 -1.542612552642822266e+00 1.002554178237915039e+00 -8.673394918441772461e-01 5.575739145278930664e-01 9.072374701499938965e-01 6.828786134719848633e-01
7.443248033523559570e-01 -9.238628149032592773e-01 -2.930948138236999512e-01 -5.280673503875732422e+00 -4.544929027557373047e+00 -7.108380198478698730e-01 6.834995746612548828e+00 4.994338035583496094e+00
3.393220305442810059e-01 2.243072688579559326e-01 -1.125315204262733459e-01 4.798432886600494385e-01 3.627540469169616699e-01 9.620984643697738647e-02 1.222419023513793945e+00 4.127701520919799805e-01
4.038730561733245850e-01 -9.998760223388671875e-01 5.501500368118286133e-01 -3.985069394111633301e-01 1.306332230567932129e+00 -3.865344822406768799e-01 -3.719187676906585693e-01 1.586371660232543945e+00
-1.649942398071289062e+00 -1.476974964141845703e+00 1.284669399261474609e+00 1.005810379981994629e+00 3.589842915534973145e-01 6.764188408851623535e-01 8.653833866119384766e-01 8.284956812858581543e-01
2.014161050319671631e-01 7.559429407119750977e-01 -1.152602553367614746e+00 -1.091672778129577637e+00 -1.187716007232666016e+00 -6.297848224639892578e-01 1.781634807586669922e+00 -9.742168784141540527e-01
-5.286272168159484863e-01 -1.507515549659729004e+00 4.454145133495330811e-01 3.080611824989318848e-01 -3.230664134025573730e-01 6.478032469749450684e-01 2.008847951889038086e+00 -6.537942886352539062e-01
-2.709052264690399170e-01 -9.580276012420654297e-01 -3.225592374801635742e-01 9.257974624633789062e-01 1.211484801024198532e-02 -8.604742288589477539e-01 1.179742574691772461e+00 7.720581293106079102e-01
-7.430582642555236816e-01 -5.271701216697692871e-01 -1.084608674049377441e+00 -1.575447082519531250e+00 3.422826826572418213e-01 -2.765768766403198242e-01 9.715278148651123047e-01 1.008554697036743164e+00
-1.009983792901039124e-01 -6.931460499763488770e-01 1.245847105979919434e+00 7.331219673156738281e+00 6.109601974487304688e+00 2.076101064682006836e+00 -6.323961257934570312e+00 -4.910454750061035156e+00
-1.835821270942687988e-01 3.860349953174591064e-01 -1.013160228729248047e+00 1.224176526069641113e+00 9.037793874740600586e-01 -1.052929520606994629e+00 5.538873076438903809e-01 1.308624267578125000e+00
-1.812014460563659668e+00 -1.853845119476318359e-01 -6.657332777976989746e-01 1.642939567565917969e+00 1.290364742279052734e+00 -7.645514011383056641e-01 -5.897449851036071777e-01 8.721738457679748535e-01
5.555214285850524902e-01 -9.273678064346313477e-01 1.316380381584167480e+00 1.527975845336914062e+01 1.367360496520996094e+01 4.511697962880134583e-02 -1.515316104888916016e+01 -1.330546951293945312e+01
1.542461991310119629e+00 -2.949765622615814209e-01 2.734893560409545898e-01 2.066946983337402344e+00 2.619122862815856934e-01 -5.565118789672851562e-01 -8.918683528900146484e-01 -2.900139242410659790e-02
-1.145052433013916016e+00 2.291148900985717773e-01 5.631819963455200195e-01 -7.328273057937622070e-01 9.449343681335449219e-01 1.517044603824615479e-01 -6.089231967926025391e-01 -1.860628128051757812e-01
-5.605659484863281250e-01 7.489066123962402344e-01 -3.282122611999511719e-01 3.648457527160644531e-01 4.165863394737243652e-01 -2.502190470695495605e-01 5.538119673728942871e-01 4.401583969593048096e-01
2.578245103359222412e-01 -1.585127592086791992e+00 -1.376207917928695679e-01 -3.421588987112045288e-02 1.080997511744499207e-01 1.624614000320434570e+00 -7.060981392860412598e-01 -4.602617621421813965e-01
-2.570839822292327881e-01 1.538832187652587891e+00 4.897366836667060852e-02 5.914699435234069824e-01 -6.005027890205383301e-01 -4.425857067108154297e-01 -6.877655629068613052e-03 1.234246976673603058e-02
3.172878324985504150e-01 8.802031278610229492e-01 5.207691192626953125e-01 -1.342531561851501465e+00 -1.866455078125000000e+00 -1.990320324897766113e+00 2.055413722991943359e+00 3.722971379756927490e-01
8.399836421012878418e-01 -4.995777308940887451e-01 6.941714286804199219e-01 1.761538863182067871e+00 -1.476576924324035645e-01 2.025661766529083252e-01 4.363619256764650345e-03 -1.359753310680389404e-01
1.183763504028320312e+00 -8.555340170860290527e-01 4.406968504190444946e-02 -1.142058968544006348e+00 -1.345314085483551025e-01 8.139079213142395020e-01 -4.856766015291213989e-02 -6.690730452537536621e-01
-9.446647167205810547e-01 1.105818748474121094e+00 -2.897444665431976318e-01 1.170999288558959961e+00 1.012703657150268555e+00 1.875593543052673340e+00 9.008513092994689941e-01 -1.210655450820922852e+00
-2.979524433612823486e-03 3.586017489433288574e-01 -1.211159706115722656e+00 -8.852084279060363770e-01 -1.000705599784851074e+00 -3.825654387474060059e-01 2.108217000961303711e+00 1.026110649108886719e+00
2.084358632564544678e-01 -5.577687025070190430e-01 -3.776781857013702393e-01 1.447078466415405273e+00 1.032889246940612793e+00 3.210784196853637695e-01 1.425050348043441772e-01 4.217529296875000000e-01
-1.281764030456542969e+00 1.514647603034973145e+00 -1.523392558097839355e+00 -6.029545068740844727e-01 -8.489054441452026367e-01 8.640438318252563477e-01 -1.713611602783203125e+00 8.748367428779602051e-01
8.668844699859619141e-01 -2.669441401958465576e-01 1.737009525299072266e+00 7.683638334274291992e-01 2.638371884822845459e-01 -3.036377578973770142e-02 -2.706842720508575439e-01 1.543835252523422241e-01
-1.247997045516967773e+00 3.258489668369293213e-01 -1.121083274483680725e-01 1.289995789527893066e+00 7.944344878196716309e-01 1.729532480239868164e-01 3.749240636825561523e-01 -2.913956344127655029e-01
7.046294212341308594e-02 1.074891686439514160e+00 8.309541940689086914e-01 8.334738016128540039e-01 1.513145327568054199e+00 -2.779703354462981224e-03 6.796457618474960327e-02 3.316396176815032959e-01
1.255022764205932617e+00 2.734779715538024902e-01 -1.450216293334960938e+00 -1.168930605053901672e-01 5.304012298583984375e-01 3.948689624667167664e-02 -4.388350993394851685e-02 6.874303817749023438e-01
7.765645980834960938e-01 -9.365658760070800781e-01 6.250206381082534790e-02 -1.830014944076538086e+00 -1.180896878242492676e+00 -2.083924770355224609e+00 5.393185615539550781e-01 1.934647321701049805e+00
1.613720953464508057e-01 5.771142244338989258e-01 1.546824336051940918e+00 5.566170215606689453e+00 6.205950260162353516e+00 -1.379086971282958984e+00 -4.307517051696777344e+00 -2.662843704223632812e+00
9.187211990356445312e-01 -4.381440579891204834e-01 -8.093121051788330078e-01 2.792984545230865479e-01 1.663877725601196289e+00 -3.081489801406860352e-01 -1.177111148834228516e+00 9.818840622901916504e-01
