0.000000000000000000e+00
-6.532603874802589417e-03
-3.099251724779605865e-02
-8.424646407365798950e-02
0.000000000000000000e+00
0.000000000000000000e+00
0.000000000000000000e+00
-2.151114866137504578e-02
2.778325229883193970e-02
0.000000000000000000e+00
8.513325825333595276e-03
0.000000000000000000e+00
-7.797116413712501526e-03
-4.383709654211997986e-02
-1.602129638195037842e-02
-1.413644999265670776e-01
0.000000000000000000e+00
0.000000000000000000e+00
8.297961950302124023e-02
1.109693571925163269e-02
