1.840511709451675415e-02
-3.300367295742034912e-02
4.471167456358671188e-03
-5.694380402565002441e-01
-8.240743726491928101e-02
-3.207862749695777893e-02
-2.588639855384826660e-01
7.660239469259977341e-03
1.752469688653945923e-01
-2.419833093881607056e-02
1.738770981319248676e-03
-1.647798344492912292e-03
0.000000000000000000e+00
-9.529805928468704224e-02
0.000000000000000000e+00
-1.269638687372207642e-01
9.667129255831241608e-03
1.459518168121576309e-02
0.000000000000000000e+00
0.000000000000000000e+00
1.882873103022575378e-02
-6.312723457813262939e-02
0.000000000000000000e+00
1.348846219480037689e-02
4.438017494976520538e-04
-9.958869218826293945e-01
3.971940279006958008e-02
-2.861605882644653320e-01
-2.229493297636508942e-02
-1.812121719121932983e-01
