1.595580205321311951e-02
3.996862098574638367e-02
2.202579192817211151e-02
2.197013981640338898e-02
-2.915154583752155304e-02
5.858255550265312195e-03
0.000000000000000000e+00
-2.442764583975076675e-03
-6.441998481750488281e-02
-2.961996756494045258e-02
0.000000000000000000e+00
-3.176600858569145203e-02
-1.721497741527855396e-03
-2.712407149374485016e-02
0.000000000000000000e+00
-3.162920847535133362e-02
2.104339748620986938e-02
-3.866621851921081543e-02
-2.821396850049495697e-02
-5.139845609664916992e-02
-9.010440111160278320e-02
-1.575040630996227264e-02
-2.885899133980274200e-02
-6.718151271343231201e-02
-3.144926950335502625e-02
-3.352802991867065430e-02
0.000000000000000000e+00
-7.914481312036514282e-02
2.343292161822319031e-02
-2.650634199380874634e-02
-6.770173460245132446e-02
2.129719033837318420e-02
-3.077153302729129791e-02
-8.989298343658447266e-02
-3.184179216623306274e-02
9.961331263184547424e-03
2.385731972754001617e-02
0.000000000000000000e+00
-2.880176901817321777e-02
-4.563392326235771179e-02
