1.284527063369750977e+00 -1.264221668243408203e-01 -1.155996441841125488e+00 2.856146693229675293e-01 -1.850787997245788574e-01 6.338589191436767578e-01 1.875392317771911621e+00 -1.194980889558792114e-01
-5.804561823606491089e-02 -5.767359733581542969e-01 -1.404559016227722168e-01 1.298391103744506836e+00 -7.470275163650512695e-01 -6.476518511772155762e-01 5.753601789474487305e-01 9.656810760498046875e-01
-5.827973484992980957e-01 2.012254953384399414e+00 1.986595839262008667e-01 -8.518455028533935547e-01 -1.405311107635498047e+00 1.224328398704528809e+00 -2.259601280093193054e-02 4.446751996874809265e-02
1.378691911697387695e+00 2.198302000761032104e-01 -6.264591217041015625e-01 9.031692743301391602e-01 -1.202844858169555664e+00 -8.542591929435729980e-01 -1.234131336212158203e+00 -6.553000807762145996e-01
-1.121611237525939941e+00 -1.178208962082862854e-01 1.458475142717361450e-01 5.116884037852287292e-02 1.996674984693527222e-01 -6.430871486663818359e-01 -2.753061950206756592e-01 3.409116268157958984e-01
3.038465380668640137e-01 -7.141569852828979492e-01 8.185777068138122559e-01 1.232582569122314453e+00 -1.683335900306701660e-01 1.030754446983337402e+00 1.146319627761840820e+00 1.326740980148315430e-01
1.883975505828857422e+00 1.134872078895568848e+00 1.673430949449539185e-02 1.338060349225997925e-01 1.521577686071395874e-01 8.702347278594970703e-01 -1.068074703216552734e+00 -1.890420675277709961e+00
-6.202494502067565918e-01 7.746273875236511230e-01 4.773039221763610840e-01 1.139295578002929688e+00 6.181789040565490723e-01 7.595710158348083496e-01 6.549854874610900879e-01 1.395222544670104980e+00
1.039319872856140137e+00 2.951371967792510986e-01 -9.354390949010848999e-02 1.658060587942600250e-02 8.879267424345016479e-02 -6.821522712707519531e-01 -5.803654789924621582e-01 1.231102943420410156e+00
5.434575080871582031e-01 -1.122138857841491699e+00 1.794112324714660645e-01 6.620464920997619629e-01 1.227491736412048340e+00 1.027860999107360840e+00 4.347438812255859375e-01 7.847300171852111816e-01
-6.792659312486648560e-02 -1.148207664489746094e+00 8.921260833740234375e-01 -4.526469409465789795e-01 1.580476403236389160e+00 -5.447361469268798828e-01 8.188553452491760254e-01 -7.138096094131469727e-01
-5.693864077329635620e-02 1.890591740608215332e+00 4.330018162727355957e-01 6.334010362625122070e-01 -8.643124103546142578e-01 -5.827162861824035645e-01 9.621982574462890625e-01 -2.818228900432586670e-01
2.017856687307357788e-01 1.392740249633789062e+00 -6.369695067405700684e-01 -5.017601251602172852e-01 9.249837994575500488e-01 -1.222700238227844238e+00 5.264615416526794434e-01 6.851429939270019531e-01
-9.697871655225753784e-02 -5.429942011833190918e-01 5.154044628143310547e-01 -2.376323938369750977e-01 -1.553143654018640518e-02 -1.450753092765808105e+00 -4.127629101276397705e-01 4.105516672134399414e-01
8.096128702163696289e-03 -1.805502176284790039e-02 7.695162296295166016e-01 1.353007912635803223e+00 -9.068404883146286011e-02 3.880107998847961426e-01 1.175118803977966309e+00 -2.887408435344696045e-01
1.512729287147521973e+00 1.636470407247543335e-01 -1.269333958625793457e+00 -7.058604955673217773e-01 2.023397922515869141e+00 5.526795387268066406e-01 7.469065785408020020e-01 3.435118794441223145e-01
9.168259501457214355e-01 1.297965288162231445e+00 7.900502681732177734e-01 -4.922176301479339600e-01 1.112800389528274536e-01 -9.169335365295410156e-01 -7.219152152538299561e-02 -1.431284666061401367e+00
1.234495639801025391e-01 4.621865451335906982e-01 8.726622164249420166e-02 1.729731261730194092e-01 3.860917985439300537e-01 -6.105800271034240723e-01 -7.608557343482971191e-01 9.497135877609252930e-01
6.440317034721374512e-01 -1.296343088150024414e+00 9.304366111755371094e-01 2.731236517429351807e-01 1.176680922508239746e+00 -2.336017042398452759e-01 7.519624829292297363e-01 4.720717668533325195e-01
1.234031677246093750e+00 -1.061079263687133789e+00 -1.933974027633666992e-01 -2.193490043282508850e-02 -1.523154973983764648e-01 -1.061553955078125000e+00 9.448827505111694336e-01 1.913349509239196777e+00
1.434334039688110352e+00 -9.971305131912231445e-01 1.117314934730529785e+00 9.588767290115356445e-01 6.481821537017822266e-01 5.734352469444274902e-01 -1.520396113395690918e+00 4.596783518791198730e-01
-3.504950106143951416e-01 8.218162059783935547e-01 -1.046082019805908203e+00 7.226654291152954102e-01 8.770352005958557129e-01 5.060691833496093750e-01 7.030844092369079590e-01 8.243257999420166016e-01
8.842158913612365723e-01 -8.482653498649597168e-01 -6.950803846120834351e-02 5.016917586326599121e-01 7.081720232963562012e-01 -1.083040118217468262e+00 -2.704990804195404053e-01 1.683642417192459106e-01
8.625125885009765625e-01 3.963787555694580078e-01 -4.934385716915130615e-01 9.528578519821166992e-01 1.509879827499389648e+00 -5.099511742591857910e-01 1.158104300498962402e+00 1.282669067382812500e+00
7.413196563720703125e-01 -6.294108033180236816e-01 -4.719510376453399658e-01 1.766879081726074219e+00 1.852048516273498535e+00 3.026958405971527100e-01 1.578610092401504517e-01 1.518803715705871582e+00
-8.041225075721740723e-01 -9.646853208541870117e-01 -1.000841334462165833e-01 -2.430934309959411621e-01 -4.425007998943328857e-01 -1.811085641384124756e-01 8.652673363685607910e-01 -7.717397809028625488e-01
-6.065068393945693970e-02 -3.871171474456787109e-01 3.807003423571586609e-02 -5.212544649839401245e-02 -9.835650920867919922e-01 -6.881496906280517578e-01 1.057823896408081055e+00 -4.369836151599884033e-01
1.318675279617309570e+00 2.424369603395462036e-01 1.984810829162597656e-01 6.766887307167053223e-01 5.367828607559204102e-01 1.140713930130004883e+00 -2.348352819681167603e-01 1.442564606666564941e+00
8.331536054611206055e-01 8.193916082382202148e-01 -4.237534701824188232e-01 -2.468772083520889282e-01 -8.106930255889892578e-01 1.852234899997711182e-01 9.860869646072387695e-01 1.206425070762634277e+00
1.077173113822937012e+00 -3.456270396709442139e-01 -1.144852995872497559e+00 -6.089464426040649414e-01 1.168128728866577148e+00 -1.137166142463684082e+00 -1.230003118515014648e+00 3.379332721233367920e-01
7.716509103775024414e-01 6.414557695388793945e-01 5.006346106529235840e-01 1.261875987052917480e+00 1.748947620391845703e+00 7.974425554275512695e-01 -2.108990252017974854e-01 -3.729462921619415283e-01
-7.446094155311584473e-01 8.509991168975830078e-01 -3.724695146083831787e-01 9.972235560417175293e-01 -8.572775721549987793e-01 -2.193761914968490601e-01 -8.495800495147705078e-01 3.695148974657058716e-02
-5.577298998832702637e-01 -4.126216769218444824e-01 4.432149529457092285e-01 1.756449460983276367e+00 -2.929703593254089355e-01 -1.943641304969787598e+00 -1.834562063217163086e+00 1.020440340042114258e+00
-6.407448649406433105e-01 -2.799614965915679932e-01 -3.689298778772354126e-02 9.334069490432739258e-01 9.395733475685119629e-01 1.564146280288696289e+00 3.311193883419036865e-01 -2.948609590530395508e-01
-1.732626855373382568e-01 -3.683978617191314697e-01 -7.957395315170288086e-01 -7.371932864189147949e-01 8.476416021585464478e-02 4.313028156757354736e-01 5.479388833045959473e-01 6.167137622833251953e-01
1.708131283521652222e-01 5.861209630966186523e-01 7.064272165298461914e-01 1.215597271919250488e+00 -4.769987985491752625e-02 1.005223155021667480e+00 -5.468489527702331543e-01 9.517896771430969238e-01
-4.260853528976440430e-01 5.511222481727600098e-01 -1.919330060482025146e-01 -1.086435914039611816e+00 -1.447507977485656738e+00 4.323187172412872314e-01 -4.551458060741424561e-01 -1.379592657089233398e+00
-1.970252990722656250e-01 8.288490027189254761e-02 -7.176195383071899414e-01 1.571609377861022949e+00 -2.292228639125823975e-01 -2.057684957981109619e-01 8.131958842277526855e-01 9.211067855358123779e-02
2.694738209247589111e-01 -1.191895961761474609e+00 -1.249583244323730469e+00 -3.803922533988952637e-01 5.880231261253356934e-01 -1.481553912162780762e+00 1.787362575531005859e+00 -1.124351322650909424e-01
3.841815888881683350e-01 -6.570715904235839844e-01 -1.457111835479736328e+00 5.212860647588968277e-03 -7.069123387336730957e-01 -1.313050091266632080e-01 7.066304236650466919e-02 1.413677453994750977e+00
