-1.672479882836341858e-02
1.575855165719985962e-02
-4.196253418922424316e-02
1.472835615277290344e-02
1.548908278346061707e-02
-1.121949031949043274e-02
-1.383335050195455551e-02
-1.660577207803726196e-02
3.602331876754760742e-02
3.773977980017662048e-02
4.888900741934776306e-02
-3.630340099334716797e-02
-3.779646940529346466e-03
-1.673138886690139771e-02
-3.890691325068473816e-02
1.712471060454845428e-02
5.448595155030488968e-03
1.095959544181823730e-02
-3.924261778593063354e-02
4.163542017340660095e-02
1.702045835554599762e-02
-4.127272218465805054e-02
1.733623072504997253e-02
1.636108569800853729e-02
