0.000000000000000000e+00
-4.656572360545396805e-03
0.000000000000000000e+00
0.000000000000000000e+00
-2.787328511476516724e-02
0.000000000000000000e+00
-2.201423235237598419e-02
5.280138552188873291e-02
0.000000000000000000e+00
-1.181614678353071213e-02
0.000000000000000000e+00
-7.932114414870738983e-03
-6.991799175739288330e-02
0.000000000000000000e+00
0.000000000000000000e+00
-5.959151685237884521e-02
0.000000000000000000e+00
7.311125285923480988e-03
1.844872906804084778e-02
7.930525578558444977e-03
