-1.311067771166563034e-02
0.000000000000000000e+00
-9.752904996275901794e-03
-5.660666152834892273e-02
0.000000000000000000e+00
-9.922719560563564301e-03
-5.450287833809852600e-02
-5.180738493800163269e-02
4.872502293437719345e-03
-4.606642201542854309e-02
-2.119849622249603271e-02
0.000000000000000000e+00
0.000000000000000000e+00
1.203887239098548889e-01
1.430936716496944427e-02
0.000000000000000000e+00
2.128483355045318604e-02
0.000000000000000000e+00
9.605581313371658325e-02
1.213613748550415039e-01
0.000000000000000000e+00
0.000000000000000000e+00
0.000000000000000000e+00
-5.540116876363754272e-02
