5.013912916183471680e-02 -3.927442133426666260e-01 3.936682045459747314e-01 -3.298314660787582397e-02
-2.043839395046234131e-01 1.269270777702331543e-01 2.653667330741882324e-01 -4.984110593795776367e-02
-1.740247011184692383e-03 -3.697606325149536133e-01 2.129948586225509644e-01 2.651064991950988770e-01
3.139728903770446777e-01 -1.229769289493560791e-01 9.028777480125427246e-02 2.301445156335830688e-01
5.980288982391357422e-02 1.048303842544555664e-01 3.443049788475036621e-01 -1.859358549118041992e-01
-3.099870681762695312e-02 -3.855870366096496582e-01 4.185393452644348145e-01 -1.346326768398284912e-01
-2.809925079345703125e-01 1.190055012702941895e-01 -8.288810402154922485e-02 9.541261196136474609e-02
4.540187120437622070e-02 9.230411052703857422e-02 1.261504292488098145e-01 -8.468245714902877808e-02
3.237300515174865723e-01 1.685386896133422852e-01 4.559279978275299072e-01 2.821017801761627197e-01
-3.220260739326477051e-01 -3.471037447452545166e-01 -6.911294907331466675e-02 -4.497599601745605469e-02
-1.772316992282867432e-01 5.331665277481079102e-02 1.125970184803009033e-01 2.608303725719451904e-01
2.646278738975524902e-01 -3.842966556549072266e-01 2.963159084320068359e-01 2.459117174148559570e-01
-2.672752141952514648e-01 3.315512537956237793e-01 2.027847170829772949e-01 2.748474478721618652e-01
-2.232422232627868652e-01 -9.070116281509399414e-02 -4.185077548027038574e-01 -3.106240928173065186e-01
2.311325669288635254e-01 -5.815213918685913086e-02 -2.597454786300659180e-01 3.849278390407562256e-01
1.452867388725280762e-01 -1.784092187881469727e-01 2.425008416175842285e-01 -1.981764733791351318e-01
-4.332691729068756104e-01 1.015247702598571777e-01 1.574918180704116821e-01 -1.258561909198760986e-01
-2.535494863986968994e-01 -1.777755916118621826e-01 -8.046182990074157715e-02 -3.619198799133300781e-01
7.996803522109985352e-02 -1.795635223388671875e-01 -2.459411919116973877e-01 2.242630422115325928e-01
7.073622941970825195e-02 -1.348316073417663574e-01 -4.087711274623870850e-01 -3.293076902627944946e-02
-3.959631323814392090e-01 -4.491274058818817139e-01 -3.058291673660278320e-01 -1.805548369884490967e-01
-1.305115222930908203e-01 -2.110609710216522217e-01 -2.505654096603393555e-01 -3.821674585342407227e-01
-1.101969480514526367e-01 3.128564953804016113e-01 -4.565475583076477051e-01 3.784031867980957031e-01
-1.028818488121032715e-01 -3.575247526168823242e-01 -2.570193707942962646e-01 9.047663211822509766e-02
