4.176028668880462646e-01 -3.428218364715576172e-01 -3.263381076976656914e-04 1.259513646364212036e-01
4.159592092037200928e-01 1.022227033972740173e-01 -4.785708785057067871e-01 -3.839299678802490234e-01
-8.638050407171249390e-02 -2.860325202345848083e-02 1.179198026657104492e-01 -2.146326899528503418e-01
-2.484024316072463989e-01 3.312638700008392334e-01 -9.238065779209136963e-02 -3.384036719799041748e-01
4.521955549716949463e-01 2.075104862451553345e-01 6.803170591592788696e-02 -4.164030253887176514e-01
3.449820578098297119e-01 1.787804365158081055e-01 6.776570528745651245e-02 3.225264251232147217e-01
-1.205356642603874207e-01 2.766150236129760742e-01 -3.535722196102142334e-01 4.434285461902618408e-01
-1.187767460942268372e-01 -1.465238034725189209e-01 -8.555293083190917969e-02 2.072547376155853271e-01
2.150472998619079590e-01 -1.566196233034133911e-01 -3.800355494022369385e-01 -3.036222457885742188e-01
-2.616797983646392822e-01 -1.478729695081710815e-01 -3.541443347930908203e-01 3.079564571380615234e-01
4.154350757598876953e-01 3.489287495613098145e-01 -2.182414382696151733e-01 2.274717688560485840e-01
2.767835855484008789e-01 -4.472987651824951172e-01 2.983663380146026611e-01 -1.523151695728302002e-01
-1.100128367543220520e-01 1.094724759459495544e-01 -7.797136902809143066e-02 -3.756018877029418945e-01
-3.584461212158203125e-01 -1.744417101144790649e-02 1.749984920024871826e-01 3.553318083286285400e-01
-4.164010286331176758e-01 1.080387383699417114e-01 6.143105030059814453e-02 -1.780079305171966553e-02
4.136822223663330078e-01 3.480995893478393555e-01 9.207998216152191162e-02 -4.203165173530578613e-01
5.854382365942001343e-02 -2.710532844066619873e-01 7.119017094373703003e-02 -4.328951537609100342e-01
-1.238657757639884949e-01 -9.040167182683944702e-02 -1.711925864219665527e-01 -4.307875633239746094e-01
-3.119423612952232361e-02 3.595110177993774414e-01 3.725880384445190430e-01 -1.312210261821746826e-01
3.844539225101470947e-01 -5.545690283179283142e-02 -3.289651274681091309e-01 1.334013504674658179e-04
-4.118946790695190430e-01 1.505586653947830200e-01 -3.407208621501922607e-01 -1.865541189908981323e-01
2.592379152774810791e-01 3.536791726946830750e-02 4.060907363891601562e-01 -3.794864416122436523e-01
8.444096148014068604e-02 6.353824585676193237e-02 1.187025848776102066e-02 -4.688865542411804199e-01
7.545436173677444458e-02 2.706443667411804199e-01 3.769347369670867920e-01 6.222507357597351074e-02
