-7.109448313713073730e-02 1.487682461738586426e-01 1.273795366287231445e-01 -2.639375329017639160e-01 3.994103074073791504e-01 -3.403544425964355469e-02 3.739628195762634277e-01 -4.061203002929687500e-01 -2.294183373451232910e-01 2.478142380714416504e-01 2.330392599105834961e-01 4.376652836799621582e-02 2.589570283889770508e-01 1.096761226654052734e-01 -3.878747522830963135e-01 -3.752442002296447754e-01
1.515895426273345947e-01 2.171451896429061890e-01 2.247018367052078247e-01 1.919659972190856934e-02 1.024776101112365723e-01 -1.560494601726531982e-01 -3.005633950233459473e-01 -4.108596742153167725e-01 1.802116259932518005e-02 -2.950484156608581543e-01 1.586248725652694702e-01 -2.806287407875061035e-01 -4.126470685005187988e-01 -8.993810042738914490e-03 3.202335536479949951e-01 -1.924315392971038818e-01
-1.082271039485931396e-01 -6.619498133659362793e-02 -1.804751157760620117e-01 -2.783600986003875732e-01 -2.454480528831481934e-02 1.845744252204895020e-02 -3.136470913887023926e-01 3.538396954536437988e-01 5.463102459907531738e-02 3.047057986259460449e-01 -2.645284533500671387e-01 1.208147406578063965e-01 -4.867613315582275391e-04 3.545078635215759277e-02 3.394902348518371582e-01 2.363587617874145508e-01
-2.132417112588882446e-01 -3.489806652069091797e-01 4.371064901351928711e-02 -3.972936570644378662e-01 -9.431448578834533691e-02 -1.977711617946624756e-01 3.238627314567565918e-01 -4.019828140735626221e-01 9.003314375877380371e-02 -2.742604017257690430e-01 -3.563990890979766846e-01 2.920370101928710938e-01 -1.567485928535461426e-02 -9.252724051475524902e-02 1.622250676155090332e-01 -3.009966611862182617e-01
2.708661854267120361e-01 3.880365192890167236e-01 2.457512170076370239e-01 8.524067699909210205e-02 -1.665032058954238892e-01 -2.901590764522552490e-01 -7.647200673818588257e-02 -3.402343392372131348e-01 -1.413503736257553101e-01 2.898002266883850098e-01 2.673646211624145508e-01 4.133243858814239502e-01 -9.266019612550735474e-02 3.071464411914348602e-02 -2.386466367170214653e-03 -1.560974270105361938e-01
2.682884931564331055e-01 3.734442591667175293e-02 3.988649249076843262e-01 2.106365561485290527e-01 -3.390850126743316650e-01 -1.268416643142700195e-01 -1.347823441028594971e-01 1.761880517005920410e-02 -2.341739684343338013e-01 1.142799854278564453e-03 -3.606447577476501465e-02 1.985225677490234375e-01 -3.589968085289001465e-01 2.872396111488342285e-01 2.487492561340332031e-01 -1.617757976055145264e-01
1.453578285872936249e-02 1.986262202262878418e-01 2.067041993141174316e-01 6.268552690744400024e-02 -3.197037875652313232e-01 3.327012658119201660e-01 -1.384264528751373291e-01 -9.423300623893737793e-02 -2.343812435865402222e-01 -3.378182649612426758e-03 2.837262749671936035e-01 2.509979605674743652e-01 5.875830724835395813e-02 -3.330249488353729248e-01 4.255556464195251465e-01 -3.482601046562194824e-01
-9.073023498058319092e-02 -7.694894820451736450e-02 -2.840339839458465576e-01 2.765886485576629639e-01 -3.348683118820190430e-01 -5.607991814613342285e-01 -2.374654710292816162e-01 3.150339722633361816e-01 2.231142818927764893e-01 1.536675635725259781e-02 1.945675313472747803e-01 -3.960789144039154053e-01 -4.585784301161766052e-02 -6.664564460515975952e-02 1.908865571022033691e-01 3.440117537975311279e-01
3.157746195793151855e-01 5.658355355262756348e-02 3.855424523353576660e-01 -2.208146005868911743e-01 -1.518395543098449707e-01 -4.082436263561248779e-01 3.272008299827575684e-01 -3.685778975486755371e-01 -2.763009965419769287e-01 2.907667756080627441e-01 3.570210933685302734e-02 1.915637850761413574e-01 -2.166934758424758911e-01 -1.706126481294631958e-01 -2.342443466186523438e-01 5.541515350341796875e-02
2.242044955492019653e-01 -8.193918317556381226e-02 2.198584377765655518e-03 -3.967937082052230835e-02 2.997565269470214844e-02 1.440234333276748657e-01 1.733423173427581787e-01 9.988373517990112305e-02 -3.038359880447387695e-01 1.747212260961532593e-01 2.527964711189270020e-01 2.716936916112899780e-02 -3.837565481662750244e-01 2.119953781366348267e-01 -9.593813866376876831e-02 1.022025048732757568e-01
1.472255587577819824e-02 -6.105935573577880859e-02 3.475865721702575684e-01 1.101670861244201660e-01 9.850454330444335938e-02 -2.439669370651245117e-01 1.461132764816284180e-01 -3.333082497119903564e-01 -1.524798274040222168e-01 3.225896358489990234e-01 2.614274621009826660e-02 -3.654858767986297607e-01 3.923826813697814941e-01 -3.834498524665832520e-01 3.587251901626586914e-01 -3.819787502288818359e-01
-4.319284856319427490e-02 -1.878684312105178833e-01 -3.998148143291473389e-01 3.984171152114868164e-02 -2.101145684719085693e-01 3.650610446929931641e-01 -1.297407448291778564e-01 -2.214370518922805786e-01 -7.454592734575271606e-02 3.670393526554107666e-01 -1.080609392374753952e-02 -2.248192131519317627e-01 -3.632776141166687012e-01 2.646011412143707275e-01 1.608467102050781250e-01 1.723715215921401978e-01
-1.961175203323364258e-01 3.145403563976287842e-01 1.874400116503238678e-02 1.002117991447448730e-01 -1.379140615463256836e-01 9.880226105451583862e-02 -4.033258557319641113e-01 -1.972583085298538208e-01 1.872363835573196411e-01 4.812926799058914185e-02 4.384741652756929398e-03 -1.320869922637939453e-01 -8.215139061212539673e-02 2.690400183200836182e-01 -1.128094196319580078e-01 -8.103200197219848633e-01
-1.196799278259277344e-01 -3.223967254161834717e-01 -1.982153058052062988e-01 -3.638296425342559814e-01 -2.998951375484466553e-01 3.921795487403869629e-01 -3.925064802169799805e-01 -3.358175158500671387e-01 5.891531705856323242e-03 -2.083626538515090942e-01 -2.847374081611633301e-01 1.475085616111755371e-01 -2.535754442214965820e-01 3.616659045219421387e-01 3.564117550849914551e-01 5.922976136207580566e-02
-2.457216829061508179e-01 1.883129477500915527e-01 -2.825426459312438965e-01 -3.516313731670379639e-01 1.609881520271301270e-01 -2.457779347896575928e-01 3.357797861099243164e-02 -2.500070929527282715e-01 -2.765761613845825195e-01 1.484806537628173828e-01 1.657241582870483398e-01 2.584725022315979004e-01 2.969105839729309082e-01 -3.866326808929443359e-01 -2.453513294458389282e-01 3.203763365745544434e-01
-9.908317029476165771e-02 -6.262617558240890503e-02 1.134741157293319702e-01 -2.348051033914089203e-02 8.005535602569580078e-02 3.301438093185424805e-01 -3.247624933719635010e-01 2.248248457908630371e-02 -2.904720604419708252e-01 -4.481261596083641052e-03 -2.176990956068038940e-01 -1.958585977554321289e-01 1.838650405406951904e-01 -7.597131282091140747e-02 1.139981746673583984e-01 2.501340806484222412e-01
-1.146861910820007324e-01 -1.229560673236846924e-01 3.679494857788085938e-01 -5.537107586860656738e-02 1.222154498100280762e-02 3.284472823143005371e-01 -1.870691776275634766e-04 -2.895951569080352783e-01 1.760382652282714844e-01 6.317013502120971680e-02 -1.308301091194152832e-01 -2.686610519886016846e-01 -9.192699193954467773e-02 -5.268990993499755859e-02 1.842691898345947266e-01 2.690481543540954590e-01
-1.240113750100135803e-01 4.127607345581054688e-01 -1.795255839824676514e-01 -7.307426631450653076e-02 -2.715606987476348877e-01 1.349390577524900436e-02 1.184733770787715912e-02 -3.885942995548248291e-01 -2.751922309398651123e-01 3.389791846275329590e-01 -3.771764636039733887e-01 4.875413700938224792e-02 1.726502627134323120e-01 2.830683290958404541e-01 -1.344072222709655762e-01 2.237040847539901733e-01
1.096775233745574951e-01 2.996325194835662842e-01 3.366605639457702637e-01 9.765232354402542114e-02 -1.471383729949593544e-04 -1.633014380931854248e-01 3.875125050544738770e-01 -1.997756361961364746e-01 3.668895363807678223e-01 -3.155001401901245117e-01 7.042330503463745117e-02 2.049567699432373047e-01 3.666366934776306152e-01 3.729333877563476562e-01 3.283189833164215088e-01 -6.716921180486679077e-02
2.624025046825408936e-01 4.077294170856475830e-01 -3.762403428554534912e-01 -3.242004811763763428e-01 9.448287636041641235e-02 3.300478756427764893e-01 2.572669982910156250e-01 -3.410189747810363770e-01 -1.009633671492338181e-02 -4.069447517395019531e-01 -1.686735302209854126e-01 3.263231813907623291e-01 1.150466576218605042e-01 -4.062825739383697510e-01 -2.039423286914825439e-01 -1.705663800239562988e-01
