-1.561694890260696411e-01 -4.733697324991226196e-02 -1.622320562601089478e-01 3.559192121028900146e-01 -6.254854798316955566e-02 1.636031717061996460e-01 2.992219626903533936e-01 2.371196001768112183e-01 2.167998552322387695e-01 -2.263164371252059937e-01 3.245339691638946533e-01 -4.286702275276184082e-01 1.936881691217422485e-01 -1.421763300895690918e-01 6.862196139991283417e-03 2.491308748722076416e-01
3.403756022453308105e-01 4.047875404357910156e-01 3.775743544101715088e-01 2.150450199842453003e-01 -2.075742632150650024e-01 -1.504342854022979736e-01 -1.181236505508422852e-01 4.106140732765197754e-01 1.263744477182626724e-02 -1.882120413938537240e-04 -3.348757326602935791e-01 -4.081243276596069336e-02 1.811937987804412842e-01 -1.105900406837463379e-01 -3.349457979202270508e-01 -7.289934903383255005e-02
2.227471917867660522e-01 4.047077596187591553e-01 -2.909691929817199707e-01 -1.988484710454940796e-01 1.404415369033813477e-01 2.163916528224945068e-01 2.148541659116744995e-01 -2.771877944469451904e-01 3.297448456287384033e-01 -1.916270405054092407e-01 2.949644625186920166e-01 -1.706365682184696198e-02 3.405196964740753174e-01 1.903117746114730835e-01 3.498508408665657043e-02 -7.268825918436050415e-02
1.969442963600158691e-01 -5.850977823138237000e-02 2.710196971893310547e-01 -3.836433291435241699e-01 3.633487522602081299e-01 4.714573267847299576e-03 8.846405893564224243e-02 2.157119363546371460e-01 -2.460205182433128357e-02 -3.021101057529449463e-01 -4.306766092777252197e-01 -3.927937448024749756e-01 4.079990684986114502e-01 3.861936926841735840e-01 8.282048627734184265e-03 1.888107657432556152e-01
3.839318156242370605e-01 -7.477682828903198242e-02 1.166055500507354736e-01 3.578259050846099854e-01 4.257782995700836182e-01 -7.259911298751831055e-02 1.198131442070007324e-01 -8.571481704711914062e-02 1.153332963585853577e-01 -2.822131514549255371e-01 7.225573062896728516e-04 3.774015605449676514e-01 1.164135634899139404e-01 4.039013683795928955e-01 -9.887637570500373840e-03 -4.305687248706817627e-01
3.263074755668640137e-01 -3.001698553562164307e-01 -4.091103374958038330e-01 2.067975401878356934e-01 -2.823433578014373779e-01 1.035066619515419006e-01 -3.880201876163482666e-01 -3.290536403656005859e-01 1.905867755413055420e-01 -3.355110585689544678e-01 5.470862984657287598e-02 1.949713565409183502e-02 1.920988038182258606e-02 -3.173820078372955322e-01 3.207155466079711914e-01 -3.454583883285522461e-01
4.208239316940307617e-01 -2.641443014144897461e-01 9.049820154905319214e-02 -9.771651029586791992e-02 5.014692619442939758e-02 3.344247043132781982e-01 3.223268687725067139e-01 2.476807385683059692e-01 -1.028784066438674927e-01 2.633798867464065552e-03 1.793754100799560547e-02 3.340979814529418945e-01 -2.223329544067382812e-01 2.976645231246948242e-01 4.454155862331390381e-01 -1.187538951635360718e-01
1.262160837650299072e-01 3.416499793529510498e-01 4.104293882846832275e-01 3.407657146453857422e-02 4.566115140914916992e-02 7.509443908929824829e-02 -3.707343041896820068e-01 -9.310603141784667969e-02 -2.473147213459014893e-01 1.794846057891845703e-01 3.766294419765472412e-01 -5.535125732421875000e-03 -3.636791706085205078e-01 -8.068165183067321777e-02 -2.140170335769653320e-01 1.574245989322662354e-01
-4.243752658367156982e-01 6.634113192558288574e-02 -1.825465410947799683e-01 -4.481048136949539185e-02 3.432670533657073975e-01 -1.104147434234619141e-01 -2.968980371952056885e-01 -1.939249038696289062e-01 -3.467642664909362793e-01 -4.145891964435577393e-01 8.984020352363586426e-02 9.667280316352844238e-02 3.212255835533142090e-01 -4.158302247524261475e-01 3.007351160049438477e-01 5.813477933406829834e-02
1.332770735025405884e-01 3.799320459365844727e-01 -2.764164507389068604e-01 -1.339321434497833252e-01 -3.084278404712677002e-01 -6.566385924816131592e-02 -4.187966138124465942e-02 4.300402477383613586e-02 -1.391167938709259033e-02 -3.069262206554412842e-01 -9.121924638748168945e-03 -2.441630512475967407e-01 7.941017299890518188e-02 -2.820334434509277344e-01 -1.255838423967361450e-01 -3.571332693099975586e-01
3.913683593273162842e-01 3.541409075260162354e-01 -3.419704139232635498e-01 3.751052021980285645e-01 3.375718295574188232e-01 3.597510457038879395e-01 -8.644066005945205688e-02 -1.580688506364822388e-01 3.738355934619903564e-01 4.040198028087615967e-01 -1.701087951660156250e-01 -1.181307435035705566e-01 4.374353215098381042e-02 3.587350249290466309e-01 2.806302905082702637e-01 7.045734673738479614e-02
-2.289612889289855957e-01 -1.620670855045318604e-01 3.805938661098480225e-01 -2.302707284688949585e-01 -2.276417613029479980e-01 -3.147408068180084229e-01 2.028910517692565918e-01 -1.340486258268356323e-01 1.561849862337112427e-01 2.902959287166595459e-01 -2.545333504676818848e-01 -1.433915942907333374e-01 -1.656384915113449097e-01 -3.861408531665802002e-01 6.202685832977294922e-02 -3.734357357025146484e-01
2.321649715304374695e-02 4.446654021739959717e-01 3.214119672775268555e-01 3.103024065494537354e-01 -1.744265854358673096e-01 -3.548008501529693604e-01 4.396801292896270752e-01 2.257393747568130493e-01 3.380275368690490723e-01 5.008284449577331543e-01 3.796589672565460205e-01 -2.581629455089569092e-01 -4.175543785095214844e-01 -3.306358456611633301e-01 4.157069027423858643e-01 -3.778279125690460205e-01
-5.848809331655502319e-02 2.969782650470733643e-01 2.667506337165832520e-01 -5.455062910914421082e-02 -2.057855725288391113e-01 9.390445798635482788e-02 1.103856563568115234e-01 1.294084787368774414e-01 9.910125285387039185e-02 1.495016664266586304e-01 1.214897930622100830e-01 3.506554663181304932e-01 -2.407617270946502686e-01 -2.732849419116973877e-01 2.767155766487121582e-01 -3.932788670063018799e-01
4.036041796207427979e-01 -1.081087589263916016e-01 -3.524793684482574463e-01 -3.881372511386871338e-01 -3.613217771053314209e-01 2.410589009523391724e-01 4.990046471357345581e-02 3.331814408302307129e-01 -2.129676789045333862e-01 8.174510300159454346e-02 -3.424909710884094238e-02 -7.183789461851119995e-02 -1.522416621446609497e-01 -9.088391065597534180e-02 3.386922180652618408e-01 -2.785918302834033966e-02
4.366807341575622559e-01 2.005022466182708740e-01 3.464922606945037842e-01 9.057646989822387695e-02 3.829203844070434570e-01 9.654466062784194946e-02 9.691376984119415283e-02 1.550400406122207642e-01 -1.404005885124206543e-01 2.675649225711822510e-01 -3.713100552558898926e-01 -2.190454900264739990e-01 2.425255440175533295e-02 7.203703373670578003e-02 3.333738446235656738e-01 -1.989567130804061890e-01
